structure(list(meanshape = structure(c(0.266390820032725, 0.234039903478945, 
0.219862301182353, 0.184657291430275, 0.108792894034017, 0.0650604553847362, 
-0.0678311195818957, -0.0671193489268171, 0.0991367648612381, 
-0.11186643697712, -0.115245611931682, -0.11095215100748, -0.122027455893993, 
-0.132090503444178, -0.137466220361163, -0.140303609089481, -0.142610152584197, 
-0.143606607027224, -0.143003602115735, -0.141526174011766, -0.140724271369735, 
-0.140143206495988, -0.137999691827417, -0.133411387718891, -0.126556463218506, 
-0.117224163842458, -0.10545600218898, -0.0932785743438158, -0.0816986222413478, 
-0.0661994947935747, -0.042177833844393, -0.0186546267347742, 
0.00457856218536925, 0.0286329364974557, 0.0526221625209335, 
0.0760801449857123, 0.0989952578063417, 0.121657397315676, 0.14449368856754, 
0.167492244564102, 0.191152699748252, 0.214900572663861, 0.238089843147859, 
0.262537391165224, 0.0166934246493919, -0.0161110403414395, -0.0417866543608878, 
-0.0197131833384346, -0.0504805787053643, -0.0531997764475854, 
-0.134800318126697, 0.0685970632019838, -0.0144442454915145, 
-0.123040686756092, -0.102711411198481, -0.0944255723923482, 
-0.0895663511738305, -0.0849191277037443, -0.0731342330271661, 
-0.0634752662069664, -0.0530833302470965, -0.0421552715491406, 
-0.0311289831097657, -0.020556636916697, -0.0104017751381849, 
-0.000372305065527736, 0.0105763200647805, 0.0219648470899132, 
0.0331161008329424, 0.0439844750640926, 0.052744274216321, 0.0590824617415142, 
0.0634650519274849, 0.0685408428758302, 0.0677191832051322, 0.0653633264695625, 
0.0640606394416016, 0.0620124169872454, 0.0588116635213194, 0.0544787709163939, 
0.04964134997842, 0.044833831899131, 0.0406375597453393, 0.0367224137716562, 
0.0343051180211846, 0.0350924786247025, 0.035027710862178, 0.032035422188842, 
0.246859345099649, 0.229990261864851, 0.21777709724661, 0.185137434925381, 
0.118430727525579, 0.0722675158204253, -0.0600333642946301, -0.0510242803722779, 
0.108517032225291, -0.110909111221352, -0.119613421572756, -0.117477883633171, 
-0.127938501662513, -0.140305235015285, -0.143639715884641, -0.144990999710224, 
-0.143918783627358, -0.142675187480605, -0.141533368247733, -0.141783488445375, 
-0.141229505926455, -0.139475123782262, -0.135451369528923, -0.128935364112021, 
-0.121910835370525, -0.11362456177662, -0.106654766879551, -0.0959290359741028, 
-0.0792921089234852, -0.0694178455650241, -0.0411116927707487, 
-0.0160864284831248, 0.00815334901914649, 0.0324065549329456, 
0.0554985490076864, 0.0779000002450275, 0.0999656949294062, 0.12171486820723, 
0.144090174930413, 0.166812874820227, 0.189856472584565, 0.21304059935171, 
0.235126968424726, 0.251416459099896, 0.0196614045794243, -0.00508965012334888, 
-0.0414975693243895, -0.0212704020924662, -0.0562497842775711, 
-0.0645169201308688, -0.144205091221056, 0.0734998903483793, 
-0.0180429459941247, -0.128550090431758, -0.10646866554616, -0.100677260979761, 
-0.102928420440433, -0.0898553685299735, -0.0729679899223495, 
-0.061851602798123, -0.0507779853018659, -0.040587220127695, 
-0.0307450160485013, -0.0208862780130769, -0.0100072148566178, 
0.00140155952062812, 0.0132268595761513, 0.0234155320931368, 
0.0335988303197574, 0.0411904694290845, 0.0489157099444925, 0.0593186849041799, 
0.0683799802138413, 0.0733466040643373, 0.0749007098982263, 0.0732265974201753, 
0.0711923084364818, 0.0672447475584745, 0.0621764135371772, 0.0567639477531532, 
0.0511133785367465, 0.0456036724082074, 0.0416561581490939, 0.0382347442694833, 
0.0354195407170665, 0.0364606860358205, 0.0321404714672338, 0.0250865749793866, 
0.261147637704112, 0.23470334542093, 0.219608382462368, 0.185563271036896, 
0.112759229772009, 0.0718596857932037, -0.067583369987302, -0.0656095402869584, 
0.106832293310437, -0.112439667865004, -0.119624835588658, -0.114825340776738, 
-0.122073194988634, -0.132986974618452, -0.140409849929931, -0.14132781929439, 
-0.14183028367635, -0.1418184910428, -0.140588420174501, -0.13924257654264, 
-0.138416327024469, -0.137990836685426, -0.135569642867318, -0.130822619823449, 
-0.124243752552017, -0.116251418850779, -0.106861468680522, -0.0975306175172999, 
-0.0844940875372611, -0.0690744395232501, -0.0423799937570743, 
-0.0181357854090892, 0.00607234259989719, 0.0301395966638991, 
0.0531796175271082, 0.0756521164804749, 0.0976482909573859, 0.120074956367945, 
0.142834038726815, 0.165882084710232, 0.189738465603547, 0.213286688433949, 
0.236645953384895, 0.258503358044209, 0.0215836166113248, -0.0124006949640115, 
-0.0431200722198069, -0.0216420056082657, -0.0554899587763869, 
-0.0613903084213935, -0.134491961854752, 0.0718885429863616, 
-0.016861990099409, -0.12588749288542, -0.102943869492879, -0.0944516694302939, 
-0.0901046314380107, -0.088131966475, -0.0737277516844245, -0.0617283893197983, 
-0.051777921694365, -0.0413288620555493, -0.0306271751112592, 
-0.0200571307709965, -0.0101702952199986, -9.11785046129943e-05, 
0.0107627587727455, 0.0216479242825646, 0.0316356705759874, 0.0415151272059355, 
0.0495282807323241, 0.05749612756074, 0.0657904016018503, 0.0734795554220331, 
0.0731980063181861, 0.0704862431961508, 0.0682695293878119, 0.0639067968897033, 
0.0590529300026359, 0.0532976803503166, 0.0475880203055829, 0.04302361313836, 
0.0389260571865404, 0.0352127233285779, 0.0335001303075451, 0.0368926553243297, 
0.0367159386792666, 0.0310269958597592, 0.265894120368798, 0.238073779625779, 
0.223110952383027, 0.184745052683712, 0.113530411796655, 0.074093984571235, 
-0.084595773148591, -0.066367103235506, 0.097331030966579, -0.113964979168507, 
-0.123628323330519, -0.121556417885152, -0.126547309381368, -0.134698197271197, 
-0.138606866269086, -0.141661284172985, -0.143512564355397, -0.14356200456871, 
-0.142309930436234, -0.140579356266827, -0.1382141743724, -0.135917304675819, 
-0.132482105825544, -0.127109751783141, -0.119049134794967, -0.110327654842711, 
-0.101007977009711, -0.0907693619428976, -0.0798459466226131, 
-0.0676159484955762, -0.0442389723523877, -0.0209356575783806, 
0.00271997605102595, 0.0264715364188397, 0.0506195862260505, 
0.0749345589157831, 0.0982810996573965, 0.121411050070065, 0.144857194468419, 
0.168066134892084, 0.191035954983391, 0.214355709582205, 0.238704204959228, 
0.260867761165954, 0.0185630126085044, -0.020056879606202, -0.0485449668844396, 
-0.0229365386297349, -0.041739695192912, -0.0476292242036983, 
-0.130783984409015, 0.0611757103599877, -0.0100213458634619, 
-0.1209135608887, -0.104508949501375, -0.0948518910368513, -0.0879565841138261, 
-0.0821856076795682, -0.0709558738889485, -0.0614092242437754, 
-0.0506069205083345, -0.0395180863735589, -0.0289159235446685, 
-0.0184687010530883, -0.0083616631209874, 0.0019305781452683, 
0.0117368529528845, 0.021878214637351, 0.0308782706822578, 0.0383544710086517, 
0.0453145493468185, 0.0512075981731112, 0.0563691193963567, 0.0615624127271237, 
0.0605256271866768, 0.0600703271530178, 0.0599358389682329, 0.0593827728638026, 
0.058651318201604, 0.0560097988085489, 0.0524476838839553, 0.0494355857208622, 
0.0464297539680591, 0.0425970532749789, 0.0391174518944693, 0.0382735569146863, 
0.0387323129621784, 0.0297857489037577, 0.266037701893574, 0.248528636008747, 
0.237333952948438, 0.19873857984717, 0.124621185015362, 0.0820442566707423, 
-0.0781677779982066, -0.100688964266334, 0.116956858748344, -0.111768752099997, 
-0.116945545514392, -0.113239255729899, -0.111807041775434, -0.12168550733499, 
-0.122679534635122, -0.129325691310475, -0.134291776103084, -0.132752609610179, 
-0.131145519268987, -0.131626120110442, -0.13262268031369, -0.133082349140504, 
-0.133291696635481, -0.131943906085192, -0.13198348858787, -0.132725456919776, 
-0.126371279608602, -0.110099863474571, -0.0875750122878401, 
-0.0735443589688598, -0.0500819629461235, -0.0245541274238602, 
-0.000189887321320582, 0.0230751716725449, 0.0462085333935665, 
0.0692770222985288, 0.0923453454649417, 0.1153726826928, 0.138534940293607, 
