structure(list(meanshape = structure(c(-0.265777959280364, -0.229585846816376, 
-0.212318081041254, -0.180247861893697, -0.101346784736518, -0.0577274224401058, 
0.0838995594405805, 0.0579257536305082, -0.0962962665950909, 
0.122255681509315, 0.124671378726789, 0.119690022163885, 0.129513537378303, 
0.139594602139208, 0.144092437116602, 0.146214089123952, 0.147491477347942, 
0.14726192221591, 0.145395626761397, 0.142617085760302, 0.140544726936915, 
0.138619127719704, 0.134992536259878, 0.129091328385731, 0.121244971583433, 
0.111211479950469, 0.0990929766028979, 0.086702806776658, 0.0747955014434166, 
0.0601622523490798, 0.0360645939026368, 0.0126683831123368, -0.0105331855784316, 
-0.0344092802914489, -0.058096152167661, -0.0810980172250912, 
-0.103502899068498, -0.125713580099672, -0.14821191349549, -0.170940095091263, 
-0.194457911088205, -0.218403677109797, -0.241637162455884, -0.265509761863002, 
-0.0163994993418154, -0.0448406496594214, -0.0684957448728794, 
-0.0422470872332631, -0.0632537333466099, -0.060466158623176, 
-0.124766545296721, 0.0765988030849106, -0.0263641503012917, 
-0.109154296239129, -0.088913555919759, -0.0815053125349549, 
-0.0755091583794944, -0.0694051263997176, -0.0569127409500171, 
-0.0463112818649254, -0.0353117851602579, -0.023868630113542, 
-0.0126195408210667, -0.00219049273316788, 0.00784123066100596, 
0.0180282938858785, 0.0286278796578579, 0.0390453816935291, 0.04882583351363, 
0.0581009166238718, 0.0652172647547401, 0.0699935554547092, 0.0729711900001099, 
0.0769559010134511, 0.0731497525132341, 0.0678268440941853, 0.0635597856928938, 
0.0585406979644055, 0.0523677333594918, 0.0450963219903062, 0.0373463659806269, 
0.0296225709908252, 0.0224863511559172, 0.0156365902375055, 0.0102905349019211, 
0.00806813163312728, 0.00479506867202123, -0.00245750973894539, 
-0.246834039039596, -0.226976162704475, -0.210298245522545, -0.180550711084596, 
-0.110184263859842, -0.0634634114135174, 0.0773648804267638, 
0.0413122608926743, -0.105165804756023, 0.122067021625575, 0.129080899494602, 
0.125854116922335, 0.136366897747226, 0.148436252461504, 0.150554707299433, 
0.151005693217561, 0.148676560077795, 0.146243461429632, 0.143870876622958, 
0.142925952592598, 0.140949863359296, 0.137614724906827, 0.132115565125111, 
0.124569855307746, 0.116659879178874, 0.107738015940763, 0.100248170389686, 
0.0891679629779772, 0.0719921315559825, 0.0646080890148927, 0.0344087102889589, 
0.00913306834326066, -0.0149408974627714, -0.0388287317669925, 
-0.0614176181791111, -0.0832265746690871, -0.104679246523973, 
-0.125907456008016, -0.147991342086573, -0.170483663650303, -0.193338662614182, 
-0.216798200824795, -0.238339807695733, -0.253540777337902, -0.0110856080119675, 
-0.0334701833653765, -0.0680075971723598, -0.0438939189393991, 
-0.0701962806280142, -0.0725832542323356, -0.13502076095533, 
0.079503805789986, -0.0311159943462794, -0.114852029498571, -0.0924080194094034, 
-0.0865553365656636, -0.088293517762989, -0.0739267861782403, 
-0.0562982399704072, -0.0439417798486307, -0.0322379428496131, 
-0.0219895177586748, -0.012409414227367, -0.00256263322264192, 
0.00846170696646287, 0.0197612639886444, 0.0307975463488001, 
0.0397903986955951, 0.0487272967358667, 0.0551275076113119, 0.0616689203274629, 
0.0705848613676554, 0.0778597001080994, 0.0809717814855043, 0.0801767342481295, 
0.0753967600199007, 0.0703750344236765, 0.0634415223627242, 0.0554548555011937, 
0.047195122757602, 0.0387207968760101, 0.0303756400303284, 0.0235234297285294, 
0.0171765834482426, 0.0114982311682285, 0.00956949588131344, 
0.00215765576402389, -0.00746783669202849, -0.261186458951962, 
-0.230707393772348, -0.21190622418159, -0.18090410217341, -0.10465316771757, 
-0.0634456194001199, 0.0836040677777519, 0.0560508657361379, 
-0.103614477536243, 0.122844785634347, 0.128957685539812, 0.123935939178108, 
0.129574181430003, 0.140737069520736, 0.14711805782066, 0.147264762753333, 
0.146708519276407, 0.145484986839687, 0.142950989330111, 0.140310680573251, 
0.138257878073423, 0.136461580484619, 0.132584175320174, 0.126614729572668, 
0.119143336905668, 0.110382780023053, 0.100390822563036, 0.0905909169436255, 
0.0770952733339055, 0.0627818045624925, 0.0357596163413618, 0.0116178342759144, 
-0.0123996231669062, -0.0360690000883873, -0.0586434868307588, 
-0.0804861886242093, -0.101886478926452, -0.123910102224542, 
-0.146342286583652, -0.169149357725125, -0.192927139187673, -0.217018348105397, 
-0.240447962990612, -0.261525921623328, -0.010893616115443, -0.041247334311628, 
-0.0697917559308038, -0.0442858276539646, -0.0687467380149841, 
-0.0694732037242464, -0.124566989384697, 0.0796136254594899, 
-0.0297540853297259, -0.111858217559825, -0.0893003715906719, 
-0.0799729246463692, -0.0765167627089969, -0.0723702305322243, 
-0.0573819668086025, -0.0443504034482575, -0.0338453148900609, 
-0.0230978255129914, -0.0123874475276608, -0.00206597367443365, 
0.00770554714193909, 0.0179443559048921, 0.0283773111398877, 
0.0382962053866434, 0.0470568714352872, 0.0556098436029081, 0.0622704712939387, 
0.0688957663591389, 0.0755905030607129, 0.0819145278961785, 0.0786237895550779, 
0.0728643850928665, 0.0676529475138128, 0.0603545988027004, 0.0526082232277864, 
0.0440151932804546, 0.0354665290548074, 0.0279990052847909, 0.0209763061297553, 
0.0143320356343105, 0.00972766423032526, 0.0101483162667476, 
0.00663262754610615, -0.00276966093497019, -0.265530693440661, 
-0.233132693448714, -0.21475220382699, -0.17997627409636, -0.107170037438371, 
-0.0674115787285659, 0.0999802196496451, 0.0580904917690637, 
-0.0950864211480371, 0.123882524630707, 0.133054006460975, 0.13107933876476, 
0.134566136921482, 0.142205044344217, 0.145273290373113, 0.147499110971487, 
0.14823180000285, 0.146982892563884, 0.144361767780036, 0.141301177576718, 
0.13768729070873, 0.134053613933505, 0.129379689342611, 0.122953277415404, 
0.114241076918406, 0.105028755582645, 0.0953310284914186, 0.0848592955860534, 
0.0736275007821726, 0.0622759154351364, 0.038890240093817, 0.015491944327128, 
-0.00825581447359963, -0.032042721360809, -0.0561682870180392, 
-0.0802193916638077, -0.10322837594564, -0.126123449823791, -0.149329829732451, 
-0.172235212107378, -0.194949647732649, -0.218318102671087, -0.242880223761708, 
-0.263516472007306, -0.0143730223604709, -0.0491463666883248, 
-0.0754920978251494, -0.045357991551323, -0.0551041498022018, 
-0.0560103394791646, -0.118643036001251, 0.0691788862182841, 
-0.0216859192204348, -0.107161768113038, -0.0908560029213838, 
-0.0798181054318462, -0.0736970829077829, -0.0663882120739151, 
-0.0545247634356059, -0.043995498307456, -0.0325448315473965, 
-0.0210238930707415, -0.0103392190912109, -8.14934891244781e-05, 
0.00970785606261684, 0.0197278879583564, 0.028927485810048, 0.0379914255748499, 
0.0455921400982245, 0.0517497668798858, 0.0573831696070153, 0.0619293849175571, 
0.0657312830732248, 0.070185136962901, 0.0661975769043164, 0.0627367703717703, 
0.0596258157056811, 0.0561025117139579, 0.0523821773792387, 0.0467338052366827, 
0.0402140622972342, 0.0342476870851876, 0.0282527303935182, 0.0214552216055407, 
0.0151063812336548, 0.0113339834812528, 0.0082360176824667, -0.00448537093564427, 
-0.265213945279459, -0.242147122447574, -0.227830984160108, -0.192920671956897, 
-0.117140913504482, -0.0745935750525224, 0.0928236570717857, 
0.0908816864732049, -0.114676367267891, 0.121120506682857, 0.12564548992256, 
0.121754752865577, 0.120022308134393, 0.127876471235173, 0.128803924444382, 
0.133802415205296, 0.137248501334307, 0.136007338803636, 0.133560621308036, 
0.132639801881839, 0.132426635131034, 0.131755177024653, 0.130874071991427, 
0.128586503984191, 0.127876771501495, 0.126918401669446, 0.118808101363518, 
0.102498742951828, 0.0822282796037502, 0.0671436737926267, 0.0435860579438467, 
0.0182652850931606, -0.00571558418321173, -0.0287046359078032, 
-0.0514085081510657, -0.0740394720515619, -0.0966544486151783, 
