structure(list(meanshape = structure(c(0.264934868869824, 0.232609484752361, 
0.218447983725032, 0.183470785433638, 0.108050172493237, 0.0645596867193896, 
-0.0674652637570588, -0.06690219138956, 0.0984766286918258, -0.102948281043136, 
-0.10971970060102, -0.106152703683016, -0.115414321677778, -0.126606702791938, 
-0.133779458719814, -0.137883951749112, -0.141009839884618, -0.142494640452007, 
-0.142276739772777, -0.140880608255674, -0.140077495684894, -0.139421537415345, 
-0.137075737111101, -0.132582270548426, -0.126234745226371, -0.118061144600506, 
-0.107705216509781, -0.0966018425671652, -0.0853743770560088, 
-0.0732067337617029, -0.0483504584012524, -0.024045865602793, 
-8.75437261257323e-05, 0.0245634935748233, 0.0492128363607301, 
0.0733356944897683, 0.0969364283421126, 0.120385694351171, 0.144074951409746, 
0.167951794046952, 0.192317951820675, 0.216686743060833, 0.24070726440913, 
0.265636909437731, 0.0172961421572422, -0.0153440722291885, -0.0408903880167563, 
-0.0189111934490666, -0.0495102921364077, -0.0521572936514382, 
-0.133448739292075, 0.0690688819443703, -0.0136359805887377, 
-0.123885987100591, -0.104903853831977, -0.0971516691284507, 
-0.0928134503150373, -0.0879744916894857, -0.0759828322659832, 
-0.0652941939779163, -0.054129318937319, -0.0423250578426771, 
-0.0306309893513094, -0.0197760939261379, -0.0094665263872592, 
0.00121913458682332, 0.0122914953117511, 0.0231658019391366, 
0.0335541273005371, 0.0435584403764547, 0.0519075051349711, 0.0581246098471628, 
0.0626261101851072, 0.0693076213489552, 0.0686130398699724, 0.0662517055975165, 
0.0648721625483343, 0.0629364057721876, 0.0598073078965076, 0.0554400641117467, 
0.0504679849785607, 0.0454727248723583, 0.0411109091766105, 0.0371111874800495, 
0.0348167370273706, 0.0355942615245182, 0.0348441060956241, 0.0287739570339453, 
0.245627734092742, 0.228698333226855, 0.216445398745634, 0.184043934127647, 
0.117690996140561, 0.0717651562728653, -0.0597737904345198, -0.0507252166813543, 
0.107903812242513, -0.102138814946627, -0.113036813172958, -0.110048756570116, 
-0.119922665046033, -0.134874706388779, -0.14070021896939, -0.143405201388654, 
-0.142942163378421, -0.141950009992632, -0.140787620466258, -0.141109590270797, 
-0.14054827100648, -0.138603487153845, -0.134544318658876, -0.128317999222416, 
-0.121785785951291, -0.113950859886738, -0.107704399899015, -0.0988480211586991, 
-0.0834436759904941, -0.0808558806210862, -0.0485527165988297, 
-0.0214403116326611, 0.00340094759486877, 0.0283576177471887, 
0.052203497825623, 0.0752779729571941, 0.0980257934695216, 0.120586070985384, 
0.143829365140687, 0.167395804234029, 0.191152783434828, 0.215151637368124, 
0.238040691880421, 0.254413748000286, 0.0201175276191356, -0.0044789148450555, 
-0.0407261835320959, -0.020547388282829, -0.0552924599155407, 
-0.0634141102909162, -0.142683466091074, 0.0741624032618417, 
-0.0172300406416888, -0.129572986911199, -0.108981285919269, 
-0.10216696511573, -0.106106956862835, -0.0940491529704811, -0.0764425029498127, 
-0.0633163899914138, -0.0505872061504578, -0.0397744842292101, 
-0.030014183145261, -0.0201042872549112, -0.00869169109178044, 
0.00317204071589643, 0.0147426907722487, 0.0244286085753043, 
0.0341062950998422, 0.0414948556055222, 0.0486260656302781, 0.0585980295134503, 
0.0682862537311993, 0.0676495555437488, 0.0757015311756105, 0.0743786706914952, 
0.0724724305039977, 0.0686370117182803, 0.0634727618718572, 0.0578998944218579, 
0.0520483127375417, 0.0462665264899699, 0.0421115001106663, 0.0385394409123892, 
0.0358091904143719, 0.0367754892363023, 0.0315572024881796, 0.0231263673505743, 
0.25970507820075, 0.233280421077038, 0.218212584311889, 0.184378298176927, 
0.112007742393851, 0.0713427568801613, -0.0671973653800979, -0.0654520644903473, 
0.106139217322418, -0.102792720567916, -0.113588867928192, -0.110906126133712, 
-0.115175766378833, -0.127290298901546, -0.13672725151936, -0.139539405619448, 
-0.140685322343153, -0.141007259723844, -0.13993891530211, -0.138640135287261, 
-0.13782415384785, -0.137288342380599, -0.13469171152789, -0.130091214253391, 
-0.123937149111219, -0.116733910231894, -0.108027348521607, -0.0996333420403677, 
-0.0877484353978862, -0.0770745810293216, -0.0489752633477121, 
-0.0237595380908087, 0.00105199917701204, 0.0258616230683208, 
0.0496733515350146, 0.0728280018781931, 0.0955528866620537, 0.118794531794745, 
0.142401916562614, 0.166325406511499, 0.190780000777323, 0.214998480343742, 
0.239407897070475, 0.261984295612339, 0.0221610162128526, -0.011666628846201, 
-0.0422498328730375, -0.0208795474915969, -0.0545857042656109, 
-0.0604175485778339, -0.133294107025303, 0.0722257040077922, 
-0.0161289527176014, -0.126547417188105, -0.106617902427533, 
-0.0950184004695558, -0.0942667378723009, -0.0909263090811019, 
-0.0771493872469516, -0.0634594069204818, -0.0523299966952234, 
-0.0411610537349721, -0.0300354694725432, -0.0194306871399286, 
-0.00938368058138168, 0.00131219578712515, 0.0122187779934625, 
0.0226286123312003, 0.0320819416184336, 0.0413416653748137, 0.0489999517911702, 
0.0566179207206208, 0.0649443062390083, 0.0733171288895276, 0.0740789896520089, 
0.0713972072275686, 0.0692799939735723, 0.0650948727193881, 0.0602001186024369, 
0.0543253355970088, 0.048379354628383, 0.0436020570536205, 0.0393494872337043, 
0.035577832679848, 0.0341244002718259, 0.0375805304552013, 0.0364689617598435, 
0.0282404078068459, 0.264430955698864, 0.236685384873281, 0.221775059259127, 
0.183625357681602, 0.112838142057994, 0.0736332790795364, -0.0840997717594369, 
-0.066120993293265, 0.0967231652843025, -0.104483028750634, -0.117080270473657, 
-0.118396986790957, -0.121728264412361, -0.130399276707925, -0.135714957725938, 
-0.13970656295481, -0.142290204937467, -0.142726504387037, -0.141513997002929, 
-0.139783674254689, -0.137446164570301, -0.135060070787475, -0.131558890964369, 
-0.126487517471689, -0.119113677277823, -0.111109380859037, -0.102665169062898, 
-0.0933423527472044, -0.0830571502440461, -0.074214784415251, 
-0.0501272365604488, -0.026046086114531, -0.00171744606852579, 
0.0226901158771168, 0.0474114937798735, 0.0723239372966504, 0.0963659025531066, 
0.120255815674777, 0.144466285470286, 0.168497781192315, 0.192240483767404, 
0.216289680306876, 0.241856370427092, 0.263881210314501, 0.0194187727982564, 
-0.0190211890178007, -0.0473738395603533, -0.021898676397288, 
-0.0406109391173421, -0.0464521441015655, -0.129317073443208, 
0.0617362408202497, -0.00906011895467458, -0.122537697885896, 
-0.109229041734938, -0.0965096859973401, -0.0919459524986055, 
-0.085238934265827, -0.0736361337159189, -0.0630431827975763, 
-0.0512894932200491, -0.0392360709689156, -0.0280276343051734, 
-0.017354996319214, -0.00712946018752511, 0.00342961049363527, 
0.0131522922439932, 0.0226889655118222, 0.0310777079503981, 0.0381421172483729, 
0.0447672241932827, 0.0504989825607495, 0.0556556988006232, 0.0623117296032163, 
0.0612914964463909, 0.0607072170503893, 0.0606025595270846, 0.0601116909122053, 
0.059496904339084, 0.0569409330696258, 0.053298415693372, 0.050176203174694, 
0.0470658076738545, 0.0431195967488915, 0.0396887468873183, 0.0388880142537585, 
0.0381705729104311, 0.0264747635775123, 0.264486873943779, 0.247081777993722, 
0.235962029200908, 0.197551983416563, 0.12397442258801, 0.0816702951013394, 
-0.077308933946754, -0.100432743400956, 0.116291682409451, -0.102991420433979, 
-0.11007486444158, -0.107802901138232, -0.109075073384319, -0.117069645338831, 
-0.119931085934831, -0.1260302983383, -0.130393822948103, -0.130826607172307, 
-0.130137657475916, -0.130705702741216, -0.13182352167961, -0.13237139192819, 
-0.132515882650829, -0.131195198125876, -0.131242846362521, -0.131377488038707, 
-0.125723749974839, -0.112968800386443, -0.0965719443119366, 
-0.0802949277650156, -0.056189175191624, -0.0304139809477663, 
-0.00535449873751507, 0.018798067471355, 0.0426865115930224, 
0.0664640154243915, 0.0902274725857962, 0.114037744474947, 0.138053193586864, 
