structure(list(meanshape = structure(c(-0.317091793814413, -0.302217473260832, 
-0.303193019159401, -0.185860588892716, -0.185706910660575, -0.141904048022851, 
-0.142566183353993, -0.135926938882677, -0.138326914400955, -0.137589339099969, 
-0.0131009483421641, -0.0314987264221967, -0.0374122104374462, 
-0.0235050423696846, -0.0254270136980129, -0.0228422376148563, 
-0.0120555934325472, -0.00419048495376237, 0.000767583700392089, 
0.00569705161684836, 0.011247673552648, 0.0160396879054257, 0.0210899285845906, 
0.027464158266932, 0.0320340545416392, 0.033954327335646, 0.0370665955442491, 
0.0397432379163561, 0.0414787370562034, 0.0433375573952924, 0.0452302208655465, 
0.0468348183510845, 0.0490529683911752, 0.0519490103289224, 0.0545028439994017, 
0.0570406113938215, 0.0592405072937888, 0.060963927576372, 0.0627827512241368, 
0.0645531931630185, 0.0663819794267871, 0.0674007086420837, 0.0682474255943185, 
0.0684195960538798, 0.0675492982220989, 0.0666037752999914, 0.0655377005978671, 
0.0641132111316005, 0.0626604227821709, 0.0610412160613377, 0.0590861549911037, 
0.0569828205764109, 0.0550694898443386, 0.0533071021541614, 0.0522222184392321, 
0.0509002066239541, 0.048820161168667, 0.0466123741270829, 0.0445939048769202, 
0.0423208426912969, 0.0388850580825849, 0.0354001229461539, 0.0319607509258962, 
0.0272689472983201, 0.0215598552841884, 0.0161430137321417, 0.010878453749458, 
0.00545502908590306, 3.46882453686769e-05, -0.00560623581742482, 
-0.0115466858081317, -0.0175020830497345, -0.0224575031644655, 
-0.00021421334472348, -0.0161232891737731, 0.0171624943170176, 
-0.0663626503003071, 0.070837403405305, -0.0411081948023732, 
0.0457331390067518, -0.0110352492394941, 0.00152663939459745, 
0.015643850793071, 0.00520188467101519, -0.133118293989533, 0.131606081426114, 
0.117624489017118, 0.115326417111164, 0.120338852590294, 0.118718934044117, 
0.114840596359044, 0.111926602493279, 0.109460437733109, 0.106251574771612, 
0.103036216999682, 0.0999682364648368, 0.0954247715674243, 0.0894119716126204, 
0.0850575465446552, 0.0814655987220549, 0.0770245493961191, 0.0728085720437533, 
0.06865438337163, 0.0645590375960067, 0.0598451917033034, 0.0546206884030676, 
0.0498803454963405, 0.0451035082264398, 0.0401157952748227, 0.0353241590366782, 
0.0304887189484773, 0.0257382652012377, 0.0212141014759817, 0.0162533811592439, 
0.0105045698752214, 0.00446291877542798, -0.00169515308296936, 
-0.00768702241226925, -0.0135351699365026, -0.0189725027391021, 
-0.0239131365861467, -0.0283499346029729, -0.0331403297936618, 
-0.0384023792218583, -0.043877217814928, -0.0492911187582663, 
-0.0544162323038768, -0.0593648632648999, -0.0641221831143316, 
-0.0686731130830822, -0.0727774002914144, -0.0768568999012144, 
-0.0814774923913387, -0.0862862543262109, -0.0903938375920581, 
-0.0947754478965903, -0.0998914535636254, -0.10454887814352, 
-0.108287793741251, -0.111794518363072, -0.114932232970744, -0.117849747386755, 
-0.120930321060846, -0.123820754142224, -0.126515153997365, -0.128621491695335, 
-0.292901770243173, -0.275972935949943, -0.277892127217574, -0.179218104410684, 
-0.179910645404185, -0.129606423304058, -0.131912474895056, -0.128086551033183, 
-0.132073764760744, -0.129881024403713, -0.0139980083448342, 
-0.0525241023697393, -0.0570771611242181, -0.0204674808355733, 
-0.0262391306472522, -0.0264748281469853, -0.0258464413918127, 
-0.0175478421174967, -0.00641248495932201, 0.00327820104241792, 
0.0114419874298448, 0.0164296522328611, 0.0206902625709996, 0.0259027603839352, 
0.0316403151413256, 0.0350630990495343, 0.0366593994109786, 0.0388813444711097, 
0.0416756303247139, 0.0442027818946869, 0.0464758797657165, 0.0489210063761826, 
0.0508668271981281, 0.0520189647358151, 0.0534588501861671, 0.0562542450207088, 
0.0593541589393475, 0.0614633396557434, 0.0633538019326961, 0.0642548085099655, 
0.0653357452807893, 0.0663848584290052, 0.0669496350614079, 0.0671012458850206, 
0.0672864521483305, 0.0666266619820335, 0.065420787529778, 0.0640312366441148, 
0.0625403471927248, 0.0604878188210058, 0.0581992097508626, 0.056758553225206, 
0.0556096902280021, 0.0539682302353001, 0.0525827891193287, 0.0508203764891322, 
0.0481714597391648, 0.0457946132182735, 0.0441470070957804, 0.0423633213043546, 
0.0391995025003251, 0.035349458819949, 0.0325652744465418, 0.0275466442741905, 
0.0193791143501321, 0.0124649430723453, 0.00716498592185665, 
0.00200871576425302, -0.00637202077354761, -0.0170639349056111, 
-0.0244904094042899, -0.0276214420681556, -0.0189548860909367, 
-0.0010726069964395, -0.0210935789023345, 0.0203624526924456, 
-0.0727363893379339, 0.0749058740570143, -0.0472576135601652, 
0.0499889655773105, -0.0158096865318229, -0.00156298396050978, 
0.0146535790118086, 0.00266700017475053, -0.15943041757665, 0.159388449481593, 
0.139655299512111, 0.114693773773586, 0.119552443739961, 0.118006062940206, 
0.120107565867596, 0.125481390026071, 0.122032351524743, 0.116602386636712, 
0.112113096871517, 0.1082667239707, 0.104106682079616, 0.0982801967625909, 
0.0917618679457965, 0.0871677618785904, 0.0832019098082474, 0.0789932802231982, 
0.0746447910256463, 0.0702043789387449, 0.0654888851313784, 0.0605756082626367, 
0.0556172598683055, 0.0497492976688312, 0.0432714618158392, 0.0378466554951689, 
0.0330634165458391, 0.0283491307604843, 0.0231352279108243, 0.0173493610479651, 
0.011200286909886, 0.0047641740935847, -0.00166602465095834, 
-0.00814712638241106, -0.0145703380518513, -0.0203476697475783, 
-0.0256769911187274, -0.0304885604948219, -0.0355729365396928, 
-0.0417142479484525, -0.0479109272808511, -0.0533475163974551, 
-0.0585554879782219, -0.0637268998090008, -0.0690072013649155, 
-0.0739560449266037, -0.0783006812029174, -0.0821197666494428, 
-0.0866749148565583, -0.0929948336011576, -0.0976678668587906, 
-0.101946446048586, -0.109303109253201, -0.116167520121955, -0.120042726827358, 
-0.122765623120131, -0.126017129830143, -0.129933089704476, -0.132360154540123, 
-0.118972624801264, -0.118340639371549, -0.139990673686252, -0.309128162271924, 
-0.293904541853617, -0.294933179485474, -0.179439476002201, -0.180560917445968, 
-0.135183260414839, -0.134415145398727, -0.121473008413321, -0.12297057512122, 
-0.122445408921315, -0.0078446035232867, -0.0453216870299026, 
-0.0491889585321053, -0.0210784018069646, -0.0246307818650785, 
-0.0308282358263459, -0.0203948290229405, -0.00785469727737644, 
-0.000420200979207409, 0.00640139699956977, 0.0123135161810843, 
0.0177510048147417, 0.0231255970743832, 0.0281241113352504, 0.0321966506277701, 
0.036160594148713, 0.0397466755974902, 0.0410539657421183, 0.0422732239014181, 
0.0435967485483293, 0.045258915072314, 0.0472133032362505, 0.0492872514136749, 
0.0519112790003934, 0.0546738421245691, 0.0573837544118423, 0.0597533491663515, 
0.0617829675131216, 0.0636276406928755, 0.0653080238538725, 0.0669515814620368, 
0.0680205846236753, 0.0685246823542705, 0.0686811452323605, 0.068361957021446, 
0.0673770619366381, 0.0658232530416576, 0.0641487409045377, 0.0626977218779542, 
0.0610912502181705, 0.0590032088674651, 0.0563676636448449, 0.0532830691244475, 
0.0505556345095025, 0.0485458135347155, 0.0469437852943295, 0.0451013750197202, 
0.0437775911844403, 0.042457812658773, 0.0407141505447116, 0.0381230816789411, 
0.0342737628235246, 0.0303471505341836, 0.0265716619042131, 0.0214954096039194, 
0.0155388841095815, 0.00904457242953659, 0.0040405216370038, 
-0.00675796051224728, -0.0223887016064659, -0.026982215722384, 
-0.0301453916396855, -0.0185165985601384, -0.00386295582094783, 
-0.0213799194843327, 0.0148096516266507, -0.0701470058685959, 
0.0644839459325315, -0.0450590126977276, 0.0394225435715112, 
-0.0153299554717713, -0.00366133546088996, 0.00982857343191304, 
-0.000846266822122979, -0.150480202653059, 0.148535103574015, 
0.134530781374179, 0.113610058288186, 0.122066009646289, 0.126845211039922, 
0.120282485083168, 0.119915888217008, 0.117151951175682, 0.11387220457673, 
