structure(list(meanshape = structure(c(0.315636756994464, 0.301752814006977, 
0.300763969521826, 0.188946860680787, 0.180700332235609, 0.143731575009182, 
0.139274619085357, 0.136027689237608, 0.137669318050439, 0.136111854836335, 
0.0129511304130844, 0.039273555063043, 0.0295621468453901, 0.0158195974310795, 
0.0152601947189424, 0.0123171870719937, 0.00382610840414096, 
-0.00309259429960441, -0.00764377598141967, -0.0123418720654366, 
-0.0175570916517058, -0.0221230813260718, -0.0269296531719063, 
-0.0328243301375726, -0.0368500349745474, -0.038436073343261, 
-0.0412350795285741, -0.0435371805683767, -0.0450520833409398, 
-0.0467031626147251, -0.0483944087614783, -0.049742608029252, 
-0.0515599099754738, -0.0540504800420404, -0.0563425901799313, 
-0.0585812628920301, -0.0605976855599712, -0.0621560536377322, 
-0.0636875284163353, -0.0651655975463495, -0.0668200576165724, 
-0.0675608385395965, -0.0680756754303191, -0.0678907217345411, 
-0.0666483600049957, -0.0653497401858552, -0.0639027395076694, 
-0.0620992285142701, -0.0603581818495749, -0.0584737034477244, 
-0.0561810406377922, -0.0538201297363836, -0.0516398301683287, 
-0.0496166948470136, -0.0481647598810092, -0.0463818844128445, 
-0.0439561625826648, -0.0414996368778506, -0.0392975853333951, 
-0.0368497997279237, -0.0332929258340332, -0.0296835762600428, 
-0.0260376961840717, -0.0212045736368144, -0.015411705931016, 
-0.00993719162636621, -0.00462243539271423, 0.000844108018641119, 
0.00622031996375809, 0.0118739595570121, 0.0178810219577948, 
0.0238950713468377, 0.0290408234958175, -0.018309476322212, -0.00159989295349226, 
-0.0347802294674399, 0.0552953014713594, -0.0813229310363861, 
0.0327087187576534, -0.0537578677154768, 0.00312887703467888, 
-0.00951544226772968, -0.0235231849382638, -0.0058024876017346, 
0.130892123366282, -0.133118638482808, -0.122431326489262, -0.118880291815494, 
-0.120785268502004, -0.118217869913591, -0.114139864040676, -0.111041674793218, 
-0.108326193233232, -0.104872746358172, -0.101380314548256, -0.0980489920127283, 
-0.0933071358436083, -0.0872387741442801, -0.0828953998496507, 
-0.0792402525231329, -0.0748767916316337, -0.0706276330744497, 
-0.0663577089455332, -0.0621318813933846, -0.0574132432698582, 
-0.0521186825724187, -0.0473061792816459, -0.042376971420527, 
-0.0373042743460735, -0.0322977332377627, -0.0271532282257984, 
-0.0223462822714599, -0.0178099924625254, -0.0125550803409628, 
-0.00662086930404592, -0.000488693594360771, 0.00586693912329384, 
0.0118900812451136, 0.0176825973780867, 0.0231993476383711, 0.0281780923238787, 
0.03254359012277, 0.0371934196956793, 0.0423672963868462, 0.0475959294583705, 
0.052830577086268, 0.0577904635607428, 0.0627625627794695, 0.0676398079670164, 
0.0721266105914569, 0.0760888986376799, 0.0799157578180554, 0.0842131612095384, 
0.0886021364004824, 0.0923887713217867, 0.0965215983597197, 0.101237603021321, 
0.105438410812488, 0.108773739055297, 0.111910669083256, 0.114700573817894, 
0.117206525420646, 0.119896423021619, 0.122425158729912, 0.124746719843906, 
0.126563017684349, 0.290797462743568, 0.275128937755268, 0.274612123511313, 
0.182244581346951, 0.174294240527674, 0.131549020691355, 0.128155336909581, 
0.12821076202559, 0.131320837519618, 0.128210568510232, 0.014165223143806, 
0.0616804249753229, 0.0475463861916961, 0.012632920059545, 0.0161733597143088, 
0.0156570959958193, 0.0168263327910207, 0.00486951613950181, 
-0.00207410495554179, -0.0107648388456295, -0.0180399237869122, 
-0.0226855653914093, -0.0267018088828614, -0.031564150673389, 
-0.0367796809304433, -0.0396414396667299, -0.0408714426726969, 
-0.0427398791204621, -0.0452024747385294, -0.0474638160148267, 
-0.0494638864002229, -0.0516264590405534, -0.0534668386007408, 
-0.0543802613689419, -0.0554566218887842, -0.0576680733391061, 
-0.0603378007541467, -0.0623599150341408, -0.0641242447072857, 
-0.0647974661606449, -0.0655599882867167, -0.066269633779235, 
-0.0664796370353947, -0.0662617911882661, -0.0660821583160335, 
-0.0650080246515232, -0.0633703175577957, -0.0616029869154235, 
-0.0597580118530062, -0.0574260250950807, -0.0548865983970976, 
-0.0531655371019741, -0.0516928983251216, -0.0496951247420443, 
-0.0478689966546007, -0.0456424102396428, -0.0427058263503404, 
-0.0401014091342255, -0.0383007702818144, -0.036360117989978, 
-0.0330570568738096, -0.0290306837033069, -0.0260386233209986, 
-0.0208228623841266, -0.0126100915672314, -0.00572464817768017, 
-0.000341029441601851, 0.00503501137996996, 0.0127296654757989, 
0.0217093764515647, 0.0331694996183815, 0.029956355129303, 0.0273989137308796, 
-0.0158506438003401, 0.00502234321478978, -0.0362589692234333, 
0.0619935609155242, -0.0847433346610122, 0.0395334340575157, 
-0.0571344717960547, 0.00840930625859161, -0.00596220692531484, 
-0.0219364200485878, -0.00328501304916465, 0.155631819728577, 
-0.16158002929946, -0.140442674654994, -0.117544772116289, -0.124247912992756, 
-0.126240255256395, -0.123018340583922, -0.12446229045358, -0.120612188142619, 
-0.114993711635654, -0.11026403340217, -0.106164601768379, -0.101751597581226, 
-0.0957617022074301, -0.0892981821082304, -0.0847814007557564, 
-0.0808590216876082, -0.076623126611856, -0.0721561085251547, 
-0.0676491237073123, -0.0628248670237615, -0.0574218406441432, 
-0.0521388587970044, -0.0465617061463252, -0.0404421763224924, 
-0.035011311691281, -0.029753241863915, -0.0246397630983636, 
-0.0192847417290536, -0.0134684733840538, -0.00727229552212541, 
-0.000787655411001246, 0.0055679452182921, 0.0120558954689372, 
0.0186382216154572, 0.024522834475216, 0.0298749650958557, 0.0347040198651843, 
0.0396077122054809, 0.0453523885656499, 0.0511149814791711, 0.0565846957821907, 
0.0618360424571804, 0.0670841901248365, 0.0724295360220977, 0.0772359581386, 
0.0813990597165221, 0.0849929258350708, 0.0892754224617189, 0.0951092756589112, 
0.0995054115454295, 0.103636686415194, 0.110489401540133, 0.116619476186282, 
0.119978446018591, 0.122397110410616, 0.125347092640659, 0.128408978728356, 
0.13057625644778, 0.121883593652177, 0.117811443337331, 0.1385986333443, 
0.307485164816313, 0.293377249143144, 0.29224696550764, 0.182599685505168, 
0.175698203570365, 0.137168867950636, 0.131372279945795, 0.121766324659168, 
0.122543994655619, 0.12123269328089, 0.00819685085270837, 0.0542038907112741, 
0.0402456968177015, 0.0132383332125487, 0.0161393458182327, 0.0202854005607462, 
0.00986097709803747, -0.00223320394643082, -0.00769149064360214, 
-0.0135548364072726, -0.0189882378294106, -0.024057936476124, 
-0.029047144339545, -0.0336647951990404, -0.0373574913983861, 
-0.0408869883864908, -0.0439686099576105, -0.0448971635462664, 
-0.0458929753938135, -0.047030255621312, -0.0484262603034706, 
-0.0500370415503146, -0.0517807697927126, -0.0540257239544585, 
-0.0564451656030907, -0.0588195674559084, -0.0609184344120312, 
-0.0627787821265613, -0.0643877663629321, -0.0657957401757316, 
-0.0672024129860255, -0.0679712482186665, -0.0681107492807333, 
-0.0678863841049771, -0.067182406760868, -0.0657678949417234, 
-0.0637873227338281, -0.0617781505260681, -0.0600238068539998, 
-0.0580833899631356, -0.0555700327849262, -0.0525945054390805, 
-0.0492912018560571, -0.0463760904627583, -0.0440644627498049, 
-0.0420962833360556, -0.0399556715094354, -0.0383020526110845, 
-0.0367477638522874, -0.0348218433391717, -0.0320800318121646, 
-0.028083353032577, -0.0239583259044525, -0.0199589195268966, 
-0.0147024304400114, -0.00877178800328262, -0.00232869411337395, 
0.00308700698088354, 0.0121977908283632, 0.0251946124699225, 
0.0329833081284223, 0.0318482174401761, 0.0272107380722086, -0.0145351096122762, 
0.00377677776351002, -0.0322463583574706, 0.0590856292193222, 
-0.074844413186393, 0.0367360444310293, -0.0471429863874163, 
0.00801578055903302, -0.0036608568459794, -0.0170322889338403, 
0.000379523409614761, 0.14700948595343, -0.150684492761708, -0.135540623715915, 
-0.116483471457877, -0.125476092735376, -0.128060327539925, -0.120879223883208, 
