structure(list(meanshape = structure(c(0.189506806314002, 0.186778792867915, 
0.167547291125814, 0.0545386154402191, 0.0481139077038057, 0.0361779812169656, 
-0.0551285998635557, -0.0709829188923196, -0.142725014770284, 
-0.0855954779462874, -0.142334596424382, -0.13977799033536, -0.136650073772921, 
-0.132909159262805, -0.12795821693254, -0.122392776644152, -0.116553071628748, 
-0.108042517899478, -0.0967174036616404, -0.0851481578571152, 
-0.0734985456675402, -0.0625020357938042, 0.0611089203760002, 
0.0765262366380722, 0.0911509210338434, 0.103992846509642, 0.11722764647902, 
0.132068928608983, 0.148094130573264, 0.163489139585876, 0.181388685906579, 
0.194498453969894, -0.143142264511868, -0.144059908298149, -0.143282629437979, 
-0.141300211388137, -0.138231216835862, -0.134032224642068, -0.129264949237753, 
-0.121526245408713, -0.111738262437351, -0.101316664930567, -0.0906146677857305, 
-0.0804417655477333, 0.055354436687946, 0.0711337367219287, 0.0860653180719062, 
0.0999265870430524, 0.113923645867781, 0.129137823425394, 0.144616466508093, 
0.159327830095452, 0.175865083247819, 0.190307335795576, 0.00579438844550104, 
-0.036501476189796, -0.0125311503904024, 0.0547601985178886, 
-0.0619545200540785, -0.000161939102199378, 0.109485043577621, 
-0.100851448410686, 0.0127238851077128, 0.00701521520638831, 
0.0135465022684153, 0.0256019956515687, 0.0367310903120473, 0.0475481902929348, 
0.0578641066520315, 0.0674024540594694, 0.0763928138175692, 0.0854654463382373, 
0.0928569358789067, 0.0984248036688975, 0.102298734014062, 0.106659951528474, 
0.0517442796680552, 0.0468728515793784, 0.0388276546859348, 0.0289425673794155, 
0.0201809929283568, 0.014636732832623, 0.013068256919245, 0.0134284172887996, 
0.0157849458158438, 0.00330740560322594, 0.00839518629145058, 
-0.00303986378804923, -0.0145567863083964, -0.0261905457055729, 
-0.0372236362711925, -0.0471198722341367, -0.0572242604231087, 
-0.0675087484968621, -0.0765313983248982, -0.0840094835665804, 
-0.0896964857333511, -0.0959326663321589, -0.0609503600341714, 
-0.0575351177661395, -0.0514899545683717, -0.0441897325009527, 
-0.0383164901816404, -0.035508555703955, -0.0364944116222203, 
-0.0399211471695442, -0.0444712610262089, -0.0358497344253814, 
0.17010105076186, 0.159814792742109, 0.148032074650622, 0.0637187738466104, 
0.0516077188059705, 0.0295819023875692, -0.0277063194336318, 
-0.0509434821552488, -0.139387131616598, -0.0782184367043257, 
-0.139295353907671, -0.137689247618329, -0.135800451285919, -0.133898309405744, 
-0.12978630490811, -0.124946027443719, -0.119393128473421, -0.111124793800779, 
-0.0989667982182456, -0.0852914279868853, -0.076268529678161, 
-0.0673489520696095, 0.067681956005321, 0.0826304775852097, 0.0979447694129356, 
0.10845923564752, 0.118980164017478, 0.131982995184114, 0.146897423778114, 
0.164478598457078, 0.178800386275859, 0.189187074397887, -0.139528180475594, 
-0.140712994708296, -0.140821585163104, -0.140181073690334, -0.138539970303324, 
-0.134690434418937, -0.13262198248056, -0.125995584188303, -0.114045231507608, 
-0.100509743182316, -0.0945677241182622, -0.0866715701383059, 
0.0595788238232023, 0.0750927879371713, 0.0910802321299467, 0.103605823738744, 
0.114469068929111, 0.128274873478016, 0.143666137645871, 0.157879173285818, 
0.173753292281841, 0.187651161875363, 0.00585896011221252, -0.0341768674614847, 
-0.0106868030029471, 0.0631810918024363, -0.0730212852376151, 
-0.00099926255429284, 0.134191581505811, -0.127277531202012, 
0.0101815229255027, 0.00823634854226764, 0.0134669874468503, 
0.0254377474053306, 0.0367940391302203, 0.0482350562947377, 0.0592525823208299, 
0.0692628779487519, 0.0789282132426261, 0.0896939920079426, 0.0992711289688118, 
0.106556239662057, 0.108241654382373, 0.116048897428222, 0.060685964088206, 
0.0536443543072515, 0.0434268178889595, 0.0309595638026085, 0.0213640704314807, 
0.0156056931610659, 0.015683112018942, 0.0172493798465487, 0.010101629999167, 
0.000613224445005125, 0.00791897441224416, -0.00394139722195116, 
-0.0151877168898822, -0.026775101824169, -0.0383147320276918, 
-0.0480743898386178, -0.0583542193009771, -0.0719642692457523, 
-0.0841426448444436, -0.0923586839337255, -0.0935993595108511, 
-0.103950023333421, -0.0710286306788154, -0.0660518481113508, 
-0.0590247989764709, -0.0486363523490622, -0.0399372799466793, 
-0.0347032578980572, -0.0359676232128249, -0.0421850340332803, 
-0.0400187054552641, -0.029713887436823, 0.18037035983226, 0.175954727484578, 
0.156493797958412, 0.0603816378455351, 0.052377808327895, 0.0325886162852416, 
-0.0440273640239024, -0.0626434154372307, -0.141332319540967, 
-0.0847799623663192, -0.141125681843785, -0.139184665925725, 
-0.136091095061347, -0.132827028353011, -0.129032464473037, -0.123641490761401, 
-0.117962151245379, -0.109502971448802, -0.0986177752154483, 
-0.0858632704788349, -0.0748654578388735, -0.0664059250563361, 
0.0638965236222853, 0.0789676595784278, 0.0925638500912131, 0.104859859202055, 
0.1177139883324, 0.132340901761453, 0.148345491015502, 0.163479935095755, 
0.182643003092529, 0.190698000472695, -0.141125902016049, -0.141800892674432, 
-0.139929739527111, -0.138767145153709, -0.136705429372385, -0.133023960523379, 
-0.129003385564106, -0.122632983472972, -0.113647231751746, -0.102501584920437, 
-0.0928222228716029, -0.0840561457187796, 0.0578199302197398, 
0.0733815054123552, 0.0876371017331233, 0.100993825666532, 0.114521626957647, 
0.129776809417175, 0.144508546509229, 0.159205296856194, 0.177620064418507, 
0.184778795448367, 0.00732477775948649, -0.0352091812578132, 
-0.0124070795847726, 0.0565056176894676, -0.064868146569989, 
-0.0019247700654635, 0.123499226253502, -0.114889305623641, 0.0116077297086295, 
0.0052328571870154, 0.013592220052256, 0.0255309986025016, 0.0366867105755682, 
0.0480163539238, 0.0588813956429, 0.0686633564179143, 0.0781032357863377, 
0.0876547326996355, 0.0965514071719043, 0.103753054602437, 0.106613970250806, 
0.112380519568147, 0.0553357275517739, 0.0483258249563951, 0.0390256984120441, 
0.0288467439504793, 0.0199176417957693, 0.0134933934116751, 0.0128741580689727, 
0.0157051413845054, 0.0158637980564108, 0.00225456949375713, 
0.00817693792153845, -0.00355021653299815, -0.0147203009042959, 
-0.0265386162367144, -0.0376581181690763, -0.0477011831089804, 
-0.0577744650528336, -0.0686077572306224, -0.0793896539054709, 
-0.0883246353211362, -0.0934403819895578, -0.101282948916711, 
-0.063887074340223, -0.0591665253578147, -0.051871164968896, 
-0.0442223346174374, -0.0377094895943823, -0.0355898873899395, 
-0.0380030294595341, -0.043388125713223, -0.0443917893492895, 
-0.0339016176348141, 0.186793591422937, 0.182798628306924, 0.168453261378778, 
0.059389404799181, 0.0507713235407573, 0.0358584770803172, -0.0554775713830809, 
-0.0758691420311301, -0.143458979583773, -0.0824292521601981, 
-0.142962044486227, -0.140965245447952, -0.137382747427677, -0.13294028555317, 
-0.129190568093015, -0.12481153485412, -0.118457245396834, -0.108988609451351, 
-0.0972576396326771, -0.0846358114432332, -0.0728012274108435, 
-0.0633089331232587, 0.0610391158076378, 0.0764271253305092, 
0.0914332439913539, 0.105003012253059, 0.118370834338999, 0.133211376738421, 
0.148784072024147, 0.164352436507736, 0.182280759311096, 0.192202789924054, 
-0.143821477579012, -0.142988194263834, -0.141032987379424, -0.139143300017347, 
-0.137276725428076, -0.134236720680684, -0.129514317187026, -0.121845011204264, 
-0.112261757670226, -0.10042236345541, -0.0892825931776496, -0.0798840670714748, 
0.0550667103918137, 0.0704868515924466, 0.0857955089950489, 0.100365546589004, 
0.114557785427081, 0.129738211240781, 0.144928014395175, 0.159889559338604, 
0.177402886250676, 0.187245825616432, 0.00503875433270167, -0.0340337271198954, 
-0.0132656812404266, 0.0518803068623932, -0.0596622771932353, 
-0.00376274172874223, 0.109983274553551, -0.0979226185582364, 
0.0100653948414954, 0.00438154729667233, 0.013637835261605, 0.0255308663336951, 
