structure(list(meanshape = structure(c(-0.188169256886191, -0.188883442595129, 
-0.167776667452062, -0.049729296014058, -0.0528004902799931, 
-0.0358900345346754, 0.0639650121727836, 0.0626907849741968, 
0.143396876165013, 0.0860366290960121, 0.143117393950944, 0.141545820587782, 
0.139338442632833, 0.136498881495247, 0.132438429450075, 0.127775178230017, 
0.122760068066805, 0.114988004622929, 0.104150700576028, 0.092749179949837, 
0.0812934097910166, 0.0707846359769019, -0.0567396370894427, 
-0.0725593786489097, -0.0878551684596982, -0.101463401858592, 
-0.115376507409338, -0.130577683702262, -0.14663024300034, -0.161924198816371, 
-0.180186808081877, -0.194590145085383, 0.143551327453495, 0.143505554222384, 
0.141755274668527, 0.138853276776765, 0.134982883760041, 0.13010879003011, 
0.124589682349237, 0.115981758295859, 0.105300169424671, 0.0939168689824971, 
0.0826316841404971, 0.0719866859777909, -0.0600912820339178, 
-0.0756150606710141, -0.0900430073726167, -0.103255943472769, 
-0.116766473480437, -0.131682263429446, -0.147154487402134, -0.162067244591295, 
-0.179445196582336, -0.193420084870006, 0.0211648262637062, -0.0211777253982424, 
0.00113318225405799, 0.0589986599511494, -0.0577906415988817, 
0.00279534764055086, 0.104602027639566, -0.106187876680784, 0.00111488355536004, 
6.5308500285988e-05, 0.00168162059822067, 0.0140186807107025, 
0.0254047791968013, 0.0364792854399137, 0.0470966102023984, 0.0569009974282214, 
0.0663115005030054, 0.0761686135046695, 0.0846051536647267, 0.0912483827077157, 
0.0961202675611857, 0.101305434900376, 0.0564639632136321, 0.0528363693864941, 
0.045916284376216, 0.0370701202449456, 0.0294581444850817, 0.025248577167162, 
0.0250585902829581, 0.0267168563629377, 0.0302868450607786, 0.0180747710208518, 
-0.00325389239180498, -0.0147337663617466, -0.0260335820969857, 
-0.0374390985003793, -0.0480389237348527, -0.057420542918208, 
-0.0671226798238486, -0.0768893928680717, -0.0852485304945987, 
-0.0920403682782243, -0.0968938024351608, -0.102269670489173, 
-0.0561578122879513, -0.0514306537697467, -0.044133945624328, 
-0.0357272183553093, -0.0287624657233193, -0.0248143622174715, 
-0.0246065577447729, -0.0268634552324915, -0.0298668920012304, 
-0.0194422267960873, -0.168913238683356, -0.16193202116563, -0.148268943010176, 
-0.058190441692637, -0.0572252911158861, -0.0294097609128972, 
0.038706704599366, 0.0405520243718805, 0.13991359640562, 0.0788339982608876, 
0.140097310701758, 0.139477637189289, 0.138511656145154, 0.137556885227166, 
0.134426563664609, 0.13055575953635, 0.125872466897703, 0.118485994939494, 
0.107007364891995, 0.0935570467715157, 0.0850024640650269, 0.0768339678899941, 
-0.0626398184188002, -0.078167892589192, -0.0943090714415381, 
-0.105760719496693, -0.117028960507539, -0.130395842467207, -0.145255424035773, 
-0.162964084255591, -0.177939727831186, -0.190682104495174, 0.139875477623208, 
0.140093703295028, 0.139283600150633, 0.137701804483279, 0.135223838726266, 
0.130707858425282, 0.127884542003233, 0.120113830887551, 0.106905141461106, 
0.0922110448651221, 0.0868380045341672, 0.0780239494262183, -0.0652230636028277, 
-0.0803395224649033, -0.0957492862025053, -0.107347794858721, 
-0.117487116712894, -0.130810376468669, -0.146191220228742, -0.161070388034929, 
-0.177079734653484, -0.189872392091954, 0.0197139565473056, -0.0209871268765424, 
0.00144010371020266, 0.0681632200651486, -0.0685056900023338, 
0.00144254586114026, 0.131418012791062, -0.130869749214863, -0.00118051600361805, 
0.00185914696426593, 0.00210542950069009, 0.0142180447126843, 
0.0257843031443363, 0.0372583031861255, 0.0484142430191996, 0.0585458206980803, 
0.0685808978287376, 0.0800549676806907, 0.0907422332313645, 0.0993444442042009, 
0.10150223344613, 0.110024189241775, 0.0658764726010256, 0.0600512361133309, 
0.0510010920464194, 0.0393987767980002, 0.0307423957154627, 0.026197690457317, 
0.0275930244354443, 0.0305161496403829, 0.0239876372060512, 0.0135120306289216, 
-0.00353360614251944, -0.0155018900545858, -0.0266777774372602, 
-0.0381420916069048, -0.0492656497352787, -0.0584705041531801, 
-0.0684725402402231, -0.0816442096054181, -0.0930747258268226, 
-0.100390544381152, -0.10076800299767, -0.110522355182204, -0.0657885734529356, 
-0.0595282604985063, -0.0511419818912609, -0.0397362879760607, 
-0.0301676811304219, -0.0239169542612781, -0.0240040417298029, 
-0.029127793961292, -0.0251329991986344, -0.012937047914727, 
-0.178989616409525, -0.178049218344397, -0.15680347618472, -0.0554177711961153, 
-0.057312965788272, -0.0324787788018526, 0.0540564571865698, 
0.0532211542152849, 0.141929094597748, 0.0850880371646438, 0.141903344609889, 
0.140949588658262, 0.138779443334788, 0.136429492964233, 0.133587901085853, 
0.129156619734355, 0.124330107796501, 0.116667714219112, 0.106426916743113, 
0.093918973039654, 0.0831654884931321, 0.075592255244941, -0.0592954599071074, 
-0.0749390218682902, -0.0892701655893881, -0.102352267884936, 
-0.115907691261207, -0.130969925741191, -0.146876827271475, -0.161812564242293, 
-0.18165530235666, -0.190906016536217, 0.141460812664299, 0.141199310972139, 
0.138415492038387, 0.136274103627825, 0.133410288348784, 0.129058293457557, 
0.124298017594915, 0.117069293124614, 0.107079606155239, 0.094836307917042, 
0.084806752275252, 0.075519701350897, -0.0628693358855192, -0.078057286189078, 
-0.0916825218853031, -0.104350636593125, -0.117341379757226, 
-0.132334345436391, -0.147153574620243, -0.162413582815762, -0.181404888521375, 
-0.187985947527359, 0.0219666786896335, -0.0207467667164997, 
0.000377890675186456, 0.0612172113410192, -0.0603469350309333, 
0.000747675849930802, 0.119439950776605, -0.119499458017788, 
8.97090884657724e-05, -0.00166173582047858, 0.00198085115259986, 
0.0140286504316107, 0.0254308786682195, 0.0370523851087542, 0.0480804014435681, 
0.0580451033172712, 0.0678771950349023, 0.0781537400058332, 0.0880464340676738, 
0.0964717735599314, 0.100176639800194, 0.106332141721424, 0.0602433245615329, 
0.054428867800802, 0.0461984110954035, 0.0370417503573102, 0.0292182757438268, 
0.0241214432992765, 0.0248968139397585, 0.0290219833105078, 0.0302976892073762, 
0.0163591930572086, -0.00325988681086394, -0.0149623141887718, 
-0.0259427615730354, -0.0377265605175305, -0.0484447377999606, 
-0.0579532769070141, -0.0676295259650402, -0.0779777097146396, 
-0.0881714782229406, -0.0964178047889228, -0.100696398631549, 
-0.107743503484033, -0.0588518682710603, -0.052824728187057, 
-0.0443495705718131, -0.0356489737767978, -0.0280891620930156, 
-0.0248397189652025, -0.0261091028721615, -0.0303088959799184, 
-0.0293320137844076, -0.017808174414391, -0.185526601065267, 
-0.184719705181641, -0.168734813542117, -0.0547782052193886, 
-0.0552516620130889, -0.0358516879550605, 0.0643765260932482, 
0.0678060552864055, 0.143937307648461, 0.0826920194583832, 0.14374507603893, 
0.142740214042531, 0.140099106721544, 0.13652606201218, 0.133670371901582, 
0.130278253391281, 0.124802576561494, 0.116029605921605, 0.104750579427023, 
0.0921866317775006, 0.0804528535436516, 0.0718121780945996, -0.0566612076483847, 
-0.0724949306218028, -0.0880836368615089, -0.102378419928002, 
-0.116336376584177, -0.13146882676024, -0.147154979419854, -0.162794981596036, 
-0.18130325915168, -0.192379802521282, 0.144214250441931, 0.142460693074178, 
0.139587228910977, 0.136705351567829, 0.133980152442153, 0.130290838741478, 
0.124824726688875, 0.116317149402925, 0.105728234328541, 0.0927952121912158, 
0.081100742091593, 0.0715783448029987, -0.0596331980307745, -0.0747529013937567, 
-0.089683326811194, -0.10375455545771, -0.117561263837542, -0.13255180947146, 
-0.147715593136466, -0.16288755960862, -0.181151321828217, -0.189877716959846, 
0.0201878558542861, -0.0190507265798536, 0.000468897373587361, 
0.0565162620150644, -0.0553092931288251, -0.000829880284058321, 
0.105057920891258, -0.103693056163325, -0.00161352424561461, 
-0.00231880279758747, 0.00186408205974503, 0.0138349240718203, 
