structure(list(meanshape = structure(c(0.188932689014631, 0.186226873530742, 
0.167018259812195, 0.0541645543604346, 0.0477917204806713, 0.035850709763373, 
-0.0553211014869877, -0.0710670888807744, -0.142771514793606, 
-0.085789820403268, -0.142496941446301, -0.139956941844978, -0.136869107898051, 
-0.133207715109006, -0.128368153814486, -0.123133525540437, -0.117566748533905, 
-0.109128177810453, -0.0975504595487037, -0.0852284962551826, 
-0.0732610239131228, -0.0626796916069961, 0.0603835110692177, 
0.0761583653374966, 0.0912131403198763, 0.104237772472254, 0.11760630668589, 
0.132461465912701, 0.148473936150495, 0.16406039211691, 0.183868900829718, 
0.197337074415304, -0.143371384134313, -0.144208242527346, -0.143363478280868, 
-0.141454432613949, -0.138527520488515, -0.134590236726248, -0.13007566057568, 
-0.122372996997973, -0.112290350651418, -0.101089415938993, -0.090073776948193, 
-0.08001856757941, 0.0540567923310385, 0.0703651768798934, 0.0857494280175062, 
0.0998381721570062, 0.114081376809627, 0.129353185786774, 0.144900964251425, 
0.15982941642855, 0.178326298644069, 0.193546088771366, 0.00589246604937487, 
-0.0362830834749876, -0.0123868346672308, 0.0547385942135241, 
-0.0617414277105384, -8.21150648618902e-05, 0.10928726879368, 
-0.100563597624553, 0.0127255662435113, 0.00705332860688089, 
0.0130604295922525, 0.0251869689321581, 0.0363183725215926, 0.0470310461260695, 
0.057233420268142, 0.0663941667379319, 0.0752782789588902, 0.0845938574362751, 
0.0923256798501737, 0.0982480216834079, 0.102231830178239, 0.106410452552112, 
0.0518310574421116, 0.0468495736983839, 0.0385447618607878, 0.028490860336322, 
0.0197629851956515, 0.0144614311314305, 0.0130857759642398, 0.013620348074838, 
0.0150078776103418, -1.96053981155784e-05, 0.00842362412676763, 
-0.0028526377795201, -0.0140921367861601, -0.0256121934426716, 
-0.0364576529881191, -0.045971003852328, -0.0559408819950261, 
-0.0665016782295392, -0.0759175529735346, -0.0839099571747175, 
-0.0897408048401554, -0.0958749327420546, -0.0608891229240887, 
-0.0574320814908666, -0.0512504548192391, -0.0438419327739895, 
-0.037922865005776, -0.0352513931493418, -0.0363890893760506, 
-0.0399854875036951, -0.0439464049051416, -0.0332311154927885, 
0.16987452970404, 0.159664077188306, 0.147846907078808, 0.063355354387958, 
0.0514208316152705, 0.0293526860246471, -0.0281161523491701, 
-0.0510045390471417, -0.139626410430477, -0.0785925555812761, 
-0.139541752791368, -0.137972907276573, -0.136095856927259, -0.134300162989795, 
-0.13039280971254, -0.125972129266959, -0.120680109735896, -0.112500771379035, 
-0.100064861664629, -0.085347540272652, -0.077066359130794, -0.0685356427989714, 
0.0673128859507152, 0.0825721834294113, 0.0982477424617661, 0.108852886046772, 
0.119455847065033, 0.132378392287276, 0.14741723849147, 0.1661114218747, 
0.180715206708552, 0.192928384161527, -0.139788078219581, -0.140971576259156, 
-0.14108409520764, -0.140480993357243, -0.138984931270556, -0.135371796303167, 
-0.133582660606879, -0.127007332562991, -0.11446562605116, -0.0997513523113011, 
-0.0951939180318115, -0.0871739637550889, 0.0587390419536686, 
0.0746593861045883, 0.0910894735831783, 0.103872641542491, 0.114951532109083, 
0.128752442022254, 0.144081130047331, 0.159251995581053, 0.176514525281985, 
0.190248142589226, 0.00609295930931359, -0.0338356910665859, 
-0.0104300338785468, 0.0632587541396399, -0.0727438716888578, 
-0.000870691785722992, 0.133985118885269, -0.126937862218982, 
0.0101356339420973, 0.00825296746882522, 0.0135205372018594, 
0.0254089940625606, 0.0368257027126136, 0.0480288515691006, 0.0588031740215084, 
0.0682682994970889, 0.0777644544031718, 0.0886695216748551, 0.0986358263413955, 
0.106431144713242, 0.107548588320936, 0.115354272373155, 0.0607552232712193, 
0.0535898292380006, 0.0430473682551175, 0.0303910327583929, 0.0208517499682099, 
0.015395683462433, 0.0157393396066897, 0.0170542686642219, 0.00838492259041504, 
-0.00695072638934948, 0.0077418463477524, -0.00403614076142772, 
-0.015119095404679, -0.0265617689132079, -0.037782594859698, 
-0.0470144139688256, -0.0568830847085511, -0.0708145149676626, 
-0.0837145069181996, -0.0925353733361457, -0.0927413025686174, 
-0.103292260886389, -0.0709312081619232, -0.0658251893764348, 
-0.0585977186159906, -0.0479970973378141, -0.0391293755948708, 
-0.0339993804289557, -0.0353782013587509, -0.041964653346709, 
-0.038245239012014, -0.0256040672441729, 0.179921957936087, 0.175546056242972, 
0.156099407004343, 0.0600045595891804, 0.0520889594899881, 0.0323040116312027, 
-0.0442950680936767, -0.0627215784199172, -0.141437428395738, 
-0.0850265085060691, -0.141272926098775, -0.13939111345085, -0.136340251477557, 
-0.133094366487208, -0.1294625118167, -0.124501045765607, -0.119078232316952, 
-0.110738438590269, -0.0996583456072406, -0.0859648190820592, 
-0.0748639104270701, -0.0676094389776832, 0.0633897627663629, 
0.0788472426904196, 0.0927189477557762, 0.105148451049752, 0.118152472686627, 
0.132784314161127, 0.148607036019305, 0.164279789150075, 0.185466083863075, 
0.193484932436866, -0.141253203571648, -0.14196201821358, -0.14008889512157, 
-0.138929945395907, -0.13702215014108, -0.133628975353201, -0.129875441842214, 
-0.123654012485314, -0.114447308618487, -0.102451155922348, -0.0928067404051598, 
-0.0843516309655663, 0.0567933664563037, 0.0728670929668446, 
0.0874648847485917, 0.100991701763374, 0.114734042800347, 0.129955996818736, 
0.144683239821952, 0.16027836121828, 0.180414761447269, 0.188900029034587, 
0.00743725218073455, -0.0349692965113436, -0.0122456236759568, 
0.056492437601287, -0.0646547826048128, -0.00184832297875482, 
0.123235395424992, -0.114578983705666, 0.0115691112059515, 0.00524664339023132, 
0.0134399658544329, 0.0251823589839173, 0.0363158076667178, 0.0476638618716956, 
0.0583626306332007, 0.0676359602681326, 0.0769347385072884, 0.0865999173119457, 
0.0958263500540604, 0.103512476801187, 0.106257409381052, 0.111335281479289, 
0.0553758412818812, 0.048184334694265, 0.0386562033582597, 0.028373821604777, 
0.0194405849531361, 0.0132705368101268, 0.0129009528338335, 0.0159698025898398, 
0.0146337016180036, -0.00123405527816746, 0.00829296373761323, 
-0.00318067573151818, -0.0142965892565836, -0.0262034982684929, 
-0.0370834027444743, -0.0466135636686134, -0.056408050793536, 
-0.0673196142858659, -0.0785418622532605, -0.0881474224912702, 
-0.0931756896655696, -0.100796434577948, -0.0638565787587868, 
-0.0590223908313343, -0.0515813729323701, -0.043834356380853, 
-0.037287051808883, -0.0353290082556212, -0.0378698088652609, 
-0.0434517847430315, -0.04302448318686, -0.0315916378430171, 
0.186260897859478, 0.182294666066313, 0.167949392277008, 0.0589878651084827, 
0.0504381700833298, 0.035522534195329, -0.0557177744410031, -0.0759659295487537, 
-0.143567010168721, -0.0826809577299249, -0.14310379839068, -0.141189170220442, 
-0.137735555016131, -0.133242178400278, -0.129482937676809, -0.125589219210522, 
-0.119557996382369, -0.110074411826373, -0.0980092239729518, 
-0.0843927186662755, -0.0722240810203985, -0.0641004730656632, 
0.0602408883178129, 0.0760154697234573, 0.0914187921521535, 0.105206762726907, 
0.118698962899321, 0.133594662782863, 0.149245881009581, 0.165267903702721, 
0.184929785130358, 0.194760103228131, -0.14397484767607, -0.143206212822266, 
-0.141251457477287, -0.139318705005139, -0.137502982611699, -0.134797080417231, 
-0.130370787389252, -0.122747097372503, -0.112808511729731, -0.0998884211771875, 
-0.0882680819820293, -0.0796222626310892, 0.0538534753104657, 
0.0696287715095875, 0.0853216517610148, 0.100182407104401, 0.114637769655082, 
0.129933077570818, 0.145311617238158, 0.160809474645369, 0.180315915379489, 
0.189562986591147, 0.00513399583866357, -0.0338406091352293, 
-0.0131298059387493, 0.051863843418983, -0.0594949421112108, 
-0.003697515347423, 0.109777683455011, -0.0977103432764776, 0.0100339313412805, 
0.00439300420462063, 0.0134496538980914, 0.0250862125420152, 
