structure(list(meanshape = structure(c(-0.291758873109238, -0.28123059335197, 
-0.120372814668674, -0.046601863808903, 0.0348730293128553, 0.0764457721154265, 
-0.00560553157872332, -0.0580029754458864, -0.0483081243996997, 
-0.036459476059992, -0.0256271983903575, -0.0200787161650586, 
-0.0173858041760573, -0.015918649318961, -0.0128277684331824, 
-0.00102048624767319, 0.0106537368437078, 0.0181239777191419, 
0.0208761237924859, 0.0268996099617003, 0.0395661371709942, 0.0487573052862776, 
0.0494282406941967, 0.0628472832926988, 0.0786445686879618, 0.0875237258486237, 
0.0926487526687302, 0.101817411341513, 0.112472785176853, 0.14621937555451, 
0.147561151648901, 0.113467953666603, 0.102905056605992, 0.0903283632916828, 
0.0824260734869296, 0.0768794341809751, 0.0728798988552283, 0.0763769685291844, 
0.0781357586251945, 0.0820564143690015, 0.0882436996184012, 0.10303614117094, 
0.111687574861556, 0.115991282421165, 0.0982449061714447, 0.0898860436575733, 
0.0821587334555155, 0.0563170094947754, 0.0337159293926848, 0.0328130142047635, 
0.0274433956112607, 0.0179218109922158, 0.0166220156214394, -0.011010970036643, 
-0.0420487860496816, -0.0738508134456561, -0.105807868970135, 
-0.137780772378424, -0.169158449228029, -0.199806321876309, -0.230326206194438, 
-0.259941197042423, -0.286324812774421, -0.307641392250569, -0.012542316078484, 
-0.0176638968181901, -0.0188859436195996, -0.0177315448414472, 
-0.0582019567244316, 0.0112587578639293, 0.0549889910385097, 
-0.00582428768055225, -0.0106921683988293, -0.014277955774143, 
-0.025061786687066, -0.0395787227086127, -0.052762634601233, 
-0.0652125690771084, -0.079535651085781, -0.0904705881344496, 
-0.0874976568454253, -0.0815589151323906, -0.0714887577745398, 
-0.0580746031599462, -0.0514670508112658, -0.0473089774588976, 
-0.0577151373565393, -0.0596688675235965, -0.0560367850138344, 
-0.0517809565597181, -0.0519496197515631, -0.0527110582963934, 
-0.0544251338687677, -0.0532569341121948, -0.00364262576086644, 
-0.0161481962553215, -0.0231814752409906, -0.0127314796968548, 
-0.00444996672306581, 0.00511132513271408, 0.0153374095235775, 
0.0210128425686687, 0.030584218429021, 0.0392016404869146, 0.0508013274793868, 
0.0516456409153387, 0.0464443810467702, 0.0665325472300566, 0.0777156699975257, 
0.0777458260313064, 0.0858034010258839, 0.0957964714403429, 0.0807634121512821, 
0.0670486601982253, 0.0629898763322817, 0.0658804097415895, 0.0560182943247269, 
0.0529619696755643, 0.0519931482666699, 0.0521472512119579, 0.0508428751016327, 
0.0481939036036302, 0.0412618379057442, 0.0324645669957257, 0.0233657353702265, 
0.0126452918301335, -0.00320899544776147, -0.0218124678994752, 
-0.29117604764782, -0.272637105658479, -0.135772110766024, -0.0585643230773319, 
0.0193031549430257, 0.0791036807512206, 0.0107302679371383, -0.0561029899758782, 
-0.0512783266057247, -0.0441250478475887, -0.0398389206427721, 
-0.0373261647925147, -0.0351043655654381, -0.0295411758828119, 
-0.016196829210585, -0.00204194512478437, 0.0093021033570149, 
0.00298084940429277, -0.000918096187944499, 0.0322150454717478, 
0.0409094472097638, 0.047293546314349, 0.0505554202749329, 0.0615618111623584, 
0.0726231021159619, 0.0825852471381245, 0.093843454771457, 0.1001239643127, 
0.11398747393028, 0.143987375598875, 0.149194753729973, 0.122196792372033, 
0.104629924723095, 0.0968224378032075, 0.0911576203738588, 0.0853556405521905, 
0.0816799836081553, 0.0749979461048432, 0.0765533558029272, 0.0791487121570176, 
0.0958064948035878, 0.106633719058291, 0.123110360147165, 0.11935448714353, 
0.103496465265317, 0.0933089983288, 0.0791977883754344, 0.0540732808987573, 
0.0431091173518311, 0.0448932758516816, 0.0358145257481547, 0.0239884069719276, 
0.021705879906044, -0.00949514524443978, -0.0412492939981824, 
-0.0734201910400199, -0.10567657546512, -0.138042856433471, -0.170165544021541, 
-0.2017530618577, -0.231097049536338, -0.257254221393233, -0.27651583333306, 
-0.292042690462264, -0.0290426805258984, -0.0313351380382093, 
-0.0308819725216111, -0.0186498747459192, -0.0500886290621346, 
0.0258279624337103, 0.0537173073805393, -0.0129031759092338, 
-0.0110798897508028, -0.0174171999774656, -0.0285441894515272, 
-0.041454733880355, -0.0555952560176077, -0.0727824448496842, 
-0.0864408563036233, -0.0873966044722724, -0.0908155810649708, 
-0.0899461302271863, -0.0605346091052846, -0.0412428916961453, 
-0.0449874341490894, -0.0452295244676343, -0.0520005203084657, 
-0.0523566502308588, -0.0517749383000975, -0.0519213931542834, 
-0.0527185215100007, -0.0519940625594348, -0.0581239290609913, 
-0.0519405149290842, -0.0214971596526478, -0.00669446245130845, 
-0.0113760665233008, -0.00741464155791123, 0.00094809543064787, 
0.00932077447662005, 0.0174205319627432, 0.0215602080356973, 
0.0310794047219288, 0.0440219999527514, 0.0561226521035411, 0.0472308462378589, 
0.0413433027144301, 0.0665624283793498, 0.0755624189367212, 0.0796342883708333, 
0.087112014829643, 0.0866263101762966, 0.0661404042288487, 0.0642533990341228, 
0.0637106444381361, 0.0602342163416144, 0.0552136835159896, 0.0525939467551189, 
0.053968936431123, 0.0557510690876222, 0.0536548253277134, 0.0518666425027589, 
0.0467056804761504, 0.038961029752927, 0.0272898289499626, 0.0131269080988241, 
-0.00514463547284085, -0.0262354491563434, -0.280414492933462, 
-0.268365172977942, -0.12854642380062, -0.0565834884211746, 0.0133365675676114, 
0.0837493091733219, 0.00370684228496401, -0.0565090864449448, 
-0.0504201072521839, -0.0437995735657513, -0.0361107881239222, 
-0.0317407075929473, -0.0290459340791125, -0.0281609639929518, 
-0.0239817816421231, -0.00461909032866131, 0.00781634343010305, 
0.0121630792838878, 0.00652548858101235, 0.0200550785540836, 
0.0369112890405004, 0.0454379934884342, 0.0485605185932031, 0.0588252909647148, 
0.0731278249448397, 0.0821742381043754, 0.0901060609340151, 0.099610018252593, 
0.111712991951017, 0.139762123451066, 0.157126159441945, 0.114971873735334, 
0.104544249083141, 0.0917628288730305, 0.0847533155206133, 0.0827372785714851, 
0.0804142855479447, 0.0833998794676146, 0.0847420743460156, 0.0859987678467577, 
0.093700112239946, 0.104728900558777, 0.121776289029529, 0.12761374891542, 
0.109189920110612, 0.0904896871836377, 0.0820431142008982, 0.0750669372618711, 
0.0417045314929092, 0.0181820599151978, 0.0295971326161265, 0.0169514731979419, 
0.0138794967188688, -0.0129869393331379, -0.0426001569799152, 
-0.0739804998455122, -0.10597223439087, -0.138025270353386, -0.169332291512307, 
-0.199837580274098, -0.229560275966606, -0.25321667750366, -0.278227567856144, 
-0.286918069303925, -0.0255295601506791, -0.0425132241779557, 
-0.0346836005281505, -0.0198557515646677, -0.0553766336651609, 
0.0143211077076206, 0.0705172875957601, -0.0133547498054577, 
-0.00954025142858509, -0.0168375603368177, -0.0285623404232635, 
-0.0412990385365222, -0.0535838977723424, -0.065458541366048, 
-0.0856275182657962, -0.0965102270267054, -0.0884788487428734, 
-0.0853210226975794, -0.0701630047319283, -0.0481013568706838, 
-0.0428162582278569, -0.0457305535312051, -0.0566344183022907, 
-0.0597358992048881, -0.0585117535628339, -0.0579821431131829, 
-0.0589639066300711, -0.060781961811065, -0.0615635780506213, 
-0.0572256775463498, -0.0167011061475203, -0.0132792329191366, 
-0.0223256519918774, -0.0131101664942681, -0.00408013443081815, 
0.00549954922875378, 0.0146889321594925, 0.0201451136288899, 
0.029317299415827, 0.0375194983729398, 0.0502445884008845, 0.0429036742755504, 
0.041412216079597, 0.0652422492072535, 0.0869705149022165, 0.0920634467356822, 
0.093002517647611, 0.0982941784956044, 0.102667900672242, 0.0711570811324086, 
0.0683122568301948, 0.0703978478514689, 0.0722120929982777, 0.065422428483361, 
0.0617134533518984, 0.0580800651430094, 0.0538314065819475, 0.0489331097477235, 
0.0418866080245901, 0.0321177693657875, 0.0233744216419879, 0.00827436627531884, 
-0.0101360993609804, -0.0201473125377166, -0.285393892257676, 
