structure(list(meanshape = structure(c(-0.318923347351576, -0.299635753618873, 
0.00727267835023828, 0.148409856869823, 0.297128376752887, 0.387876723499259, 
0.238271768459275, 0.256026308032463, 0.204251773944681, 0.151500496150575, 
0.0971291355982884, 0.042162555071135, -0.0131592222089295, -0.0682336215641123, 
-0.122120814636003, -0.175747191341638, -0.228963652346731, -0.279209093021901, 
-0.324036976638859, -0.033868408022206, -0.0453566334706743, 
-0.0737990474173459, -0.0839743672322971, -0.174479629516943, 
-0.0487968387284849, 0.0482551991074423, 0.0486186587582747, 
0.0460190581212825, 0.049801225997723, 0.0544438749901882, 0.056706288958527, 
0.0570114771258657, 0.0500950076329717, 0.0397314343812066, 0.0288854466466457, 
0.0165981891611228, -0.00379950794333305, -0.0320914285499662, 
-0.318346164339474, -0.28410511003195, -0.026047272183808, 0.122208053454824, 
0.261976019975157, 0.391780433550245, 0.268810872972728, 0.266757205568214, 
0.212503283351869, 0.158560903402662, 0.10316595099624, 0.047136301385357, 
-0.00885906819838185, -0.0659493534269049, -0.123496914951682, 
-0.179529124846571, -0.233479733409196, -0.27850759979248, -0.314578683476848, 
-0.053578354276366, -0.0618403842878177, -0.0916605001227619, 
-0.0855617279230431, -0.162001431338733, -0.0320482192000269, 
0.0357695185996498, 0.0381165147564492, 0.0401535616174109, 0.0497571791818711, 
0.0587700244696587, 0.0613150431888738, 0.0649943966575949, 0.0631057203164819, 
0.0570844385525293, 0.0435844964372564, 0.0242853035339042, -0.00644483624475096, 
-0.0438007439181808, -0.309285853520241, -0.290723733597888, 
-0.0198741478780469, 0.122482001126506, 0.247090104419964, 0.401843517898498, 
0.262734152538568, 0.261642702112836, 0.210434091490453, 0.158239051608684, 
0.103282548417003, 0.0475094314812858, -0.0087944776911363, -0.0654343043948259, 
-0.120434728139475, -0.176989331052289, -0.230194667219202, -0.27770004900287, 
-0.315826308597823, -0.0434759563610786, -0.0798956269462825, 
-0.102303055927184, -0.0931055602167534, -0.180368178074652, 
-0.0653244814874994, 0.0650537413049201, 0.0646199181887444, 
0.0596183719258326, 0.0610437372314957, 0.0620842411892644, 0.0623629306865452, 
0.0617795238300634, 0.0578071111948533, 0.0484051578849732, 0.0420765098575536, 
0.0220363017000699, -0.00401943349788918, -0.0383952524829771, 
-0.315656979405272, -0.304242112385525, -0.0179005727065812, 
0.119767825131772, 0.260247604922249, 0.400915604748598, 0.266442594602769, 
0.260400246107103, 0.211180267503858, 0.15863692091592, 0.103935906083215, 
0.048562290217443, -0.00683107694016904, -0.0621136899605969, 
-0.117291536039104, -0.173353722372584, -0.228378673605132, -0.279125624305836, 
-0.325195272512126, -0.031729939653124, -0.064968086933092, -0.0866300265452715, 
-0.092370546031736, -0.159258152569181, -0.0193634246945202, 
0.0550506195055426, 0.0530845692166837, 0.0435623262178464, 0.0432867717135393, 
0.0441793311162712, 0.0449295132645317, 0.0469001205930658, 0.0448823275610507, 
0.040947537590157, 0.0372153846693112, 0.0244018188187069, 0.00279325613784991, 
-0.0269133999776317, -0.312133487077164, -0.297703209121366, 
-0.0268321440683512, 0.110860066612645, 0.336031742661435, 0.360467200767296, 
0.253655283806454, 0.258822271086229, 0.208166359607896, 0.15556816775411, 
0.100836295271073, 0.0455655174098702, -0.00920950415587921, 
-0.063788206841515, -0.119339503834998, -0.178640165905967, -0.230328702283058, 
-0.274915386238014, -0.317082595450695, -0.0361542014282494, 
-0.0505934033247109, -0.0861552057903175, -0.0923815091515646, 
-0.168794602808328, -0.0329966852897884, 0.0485138271786785, 
0.049492883033227, 0.0423592564621779, 0.0427207866590423, 0.0452284350851442, 
0.0478849655723742, 0.0522891643732578, 0.0534482991834221, 0.0568450186037334, 
0.0475015472305761, 0.0237608063450418, -0.00570087985593196, 
-0.0372685020777847, -0.319964639591099, -0.29190614038312, -0.00550568631441606, 
0.140169474957134, 0.254097664557642, 0.39193536885525, 0.264712900630423, 
0.262759448119202, 0.21066582450841, 0.156949978162932, 0.101732968713606, 
0.0459969149215793, -0.00995830101653853, -0.0668932023842208, 
-0.122459782636451, -0.17913199523016, -0.232157807712876, -0.280726686013769, 
-0.320316302143529, -0.0461622548673189, -0.0633236960905315, 
-0.0920541996294357, -0.0893103366397225, -0.155760619775839, 
-0.0458780872594054, 0.0477061864178758, 0.0458902332182299, 
0.0432775522525084, 0.0490337308471679, 0.0558378649727754, 0.05772807037976, 
0.0626154978108223, 0.0580975781078851, 0.0496467028967479, 0.0429885135620771, 
0.0218159435037929, -0.00341877904304329, -0.038729900664346, 
-0.301712309767883, -0.285404719520958, -0.0172099282247036, 
0.100816733000136, 0.358281071232953, 0.390419043288037, 0.222028747379716, 
0.245448844833315, 0.201977630192046, 0.150255869150591, 0.0965358379128382, 
0.0422702640525467, -0.0121244312604893, -0.0667490737805124, 
-0.12113029708534, -0.1761969316763, -0.231221784992715, -0.279473747554208, 
-0.316810817179068, -0.0245688712926252, -0.0410558702673672, 
-0.10046873269164, -0.0975232468785889, -0.20346762613887, -0.0298166781828091, 
0.0591024624604583, 0.0592600132972565, 0.0543736815698294, 0.0524846367049568, 
0.049897409031388, 0.0495139005158027, 0.0488744016263063, 0.0459912540259972, 
0.0429594403724255, 0.0384046631041579, 0.0252981569093115, 0.00118487271494964, 
-0.0304438668809399, -0.309241077702411, -0.29222556658857, -0.0438976222179239, 
0.12115350807385, 0.308080393779349, 0.372587710441228, 0.252608551593925, 
0.261683307454349, 0.209358132104475, 0.157203647430669, 0.10259933677611, 
0.0457889889253372, -0.0107084867023334, -0.0664878665547047, 
-0.12138230802353, -0.175238382712864, -0.227489126127235, -0.272389751942295, 
-0.312003388007425, -0.044437884585014, -0.052299653673134, -0.0979778851968735, 
-0.0901792171888211, -0.18651030604913, -0.043543771717675, 0.047282195444125, 
0.0479408049219653, 0.0468079572228083, 0.0553818901448312, 0.0661002185808812, 
0.0694716183559782, 0.0671047445732056, 0.0598652979160947, 0.0498967797925561, 
0.0361325124646658, 0.0190987961208531, -0.00862273148787866, 
-0.0415113656394384, -0.323927596996519, -0.303083173270849, 
0.00477023388135484, 0.146237264256257, 0.316674326060888, 0.349790898840569, 
0.251148228286148, 0.260960371789195, 0.208083041091761, 0.154311084422597, 
0.0996961843526926, 0.0446135093709255, -0.0107050729279107, 
-0.0660831668264522, -0.121646290084262, -0.176110540090895, 
-0.230189853875668, -0.280082058501247, -0.324457389778584, -0.037860030524802, 
-0.0442336101214709, -0.0798053961448692, -0.089832797744901, 
-0.164656831417675, -0.0317138252792381, 0.0423732657427388, 
0.0409860783506832, 0.0408430336945409, 0.0445597630303683, 0.05022180454798, 
0.0533875071309311, 0.0547779855068534, 0.0513630146476666, 0.0466512431914799, 
0.0348134692544409, 0.0217722910795637, -0.00152828307699723, 
-0.0321186818672936, -0.301488155316361, -0.288154141031655, 
0.00638623027967392, 0.146859900008023, 0.306062352476638, 0.392518847414149, 
0.227006173287139, 0.251635516889399, 0.202184863610301, 0.149781776263414, 
0.0954287114069846, 0.0403461951385351, -0.0145896045308461, 
-0.0693192051760235, -0.124109778207719, -0.179401465072799, 
-0.234334849323179, -0.286406458558043, -0.320406909557631, -0.0318382459934478, 
-0.0459098531859421, -0.120842409228806, -0.0936396292013572, 
-0.19524043250257, -0.0392886142421168, 0.0581729340053188, 0.058731416603579, 
0.0549440489877745, 0.056113467507963, 0.05717050008261, 0.0570388985179357, 
0.0529502685080939, 0.048534555038404, 0.0456544448767676, 0.0397187140225691, 
0.0272891657376053, 0.00464561427910247, -0.0342048438134836, 
-0.317433866424162, -0.294242211947337, -0.0195553186910044, 
0.125415156124283, 0.291768088355047, 0.388149799553236, 0.253975540776051, 
0.260656965954253, 0.208305396893145, 0.154932346496705, 0.100388532740994, 
