structure(list(meanshape = structure(c(0.291044205788648, 0.281027504379665, 
0.121246368862499, 0.0478519604420342, -0.0295361590688457, -0.0770248927991291, 
0.00075703388137159, 0.0643239677710167, 0.0509067472992602, 
0.0392269258725373, 0.028202351850229, 0.0235318584827712, 0.0219884340080987, 
0.0216434640379339, 0.0203905542491035, 0.0116850482301612, 0.000133995737745671, 
-0.00856477997757093, -0.0131936638149485, -0.020602521919459, 
-0.0327659396643125, -0.043094439796648, -0.042856851207715, 
-0.0562767483349496, -0.0724272733059245, -0.0822478813933098, 
-0.0892348785659326, -0.099114814834204, -0.110247407960179, 
-0.141641788093371, -0.148728381856962, -0.115862532198152, -0.10420822991884, 
-0.0918542157288002, -0.0836289680563859, -0.077850534511112, 
-0.0741137837916973, -0.077922876741638, -0.0808754139699778, 
-0.0861102662051426, -0.0940014419277535, -0.108828267992115, 
-0.116617819507311, -0.119079954392954, -0.102380219731123, -0.0938230831554256, 
-0.0861960495604239, -0.0627577887525995, -0.0402196631908747, 
-0.0371851791628682, -0.0334770361482251, -0.0219937922597785, 
-0.0204511091051094, 0.00809360679331814, 0.0385363621802424, 
0.0695308848666639, 0.100771552505564, 0.132151857307307, 0.163335962497979, 
0.193968227315815, 0.224501701688315, 0.254425637343329, 0.281999799121696, 
0.305720636088466, -0.0128512360638646, -0.00683188709247819, 
0.00857117152676013, 0.0139246284264706, 0.0613403258746433, 
-0.00407091335367179, -0.0548101263737691, 0.00147504428098624, 
0.00666573364932098, 0.00991523510530119, 0.0220211153831258, 
0.0377199565943925, 0.0513479158568031, 0.0635890998083822, 0.0764444311728017, 
0.0874215066570278, 0.086589116911299, 0.081827641945904, 0.0730002619026952, 
0.0611879941870668, 0.0564583542900876, 0.0541088734199819, 0.0619612174835433, 
0.0652305215611755, 0.0632392722632265, 0.0597529754746096, 0.0604573656028427, 
0.0621736832043073, 0.0649086526313337, 0.066581174168854, 0.0218976025431831, 
0.0283432823708214, 0.0336541453577813, 0.0227320367950413, 0.0136282607454015, 
0.00306974393192088, -0.00842412022263465, -0.0141990472070672, 
-0.0242750564277928, -0.0329473955752225, -0.0438895470456335, 
-0.0438791772313681, -0.0393586357645865, -0.0585183601670818, 
-0.0696024014280131, -0.070582177798974, -0.0792779034882548, 
-0.0908503368060212, -0.0784598052293739, -0.0678311044255216, 
-0.0633470035048809, -0.0629837123751063, -0.0548775244746394, 
-0.0533293256328085, -0.0551320655127424, -0.0580038835070945, 
-0.0594836612905116, -0.0597087216896012, -0.0557303572458602, 
-0.0498333837620312, -0.0436277445034395, -0.0359210593532016, 
-0.0229725838799206, -0.00562808269392497, 0.29169226127725, 
0.273451986957092, 0.137443993882878, 0.0596879701635706, -0.0149145320035418, 
-0.0810535547367572, -0.0154624824017282, 0.0596533965986496, 
0.0542378106385006, 0.045821994601617, 0.0420453409011806, 0.0406019473321461, 
0.0397057067193821, 0.0364587382987909, 0.0263079210568788, 0.0129838063374779, 
0.00371440641292854, 0.00835035846967129, 0.00694590828042764, 
-0.0262218556171697, -0.0352274115746767, -0.0414044328820032, 
-0.044574944856908, -0.0560666383809439, -0.0676942274022971, 
-0.0783480835647878, -0.0898566390556369, -0.0977574631314786, 
-0.111830513749041, -0.14053849118329, -0.148232149439871, -0.124982230371509, 
-0.107250753453549, -0.0985258051612525, -0.0924074042221822, 
-0.0865228607225928, -0.083049058820545, -0.077401048961747, 
-0.0797463785567557, -0.0847546993164657, -0.10238358394616, 
-0.111926399107423, -0.128890952865875, -0.122182466879585, -0.107370753552186, 
-0.097580932992657, -0.0839844485031157, -0.0603979754847435, 
-0.048632680212587, -0.0474773950067728, -0.0385861838061275, 
-0.027489172522735, -0.0240815518116339, 0.0065436152871734, 
0.0375100219390183, 0.0686992986725144, 0.100294350776509, 0.131977196808977, 
0.163706013488816, 0.195194700613663, 0.224933319018952, 0.25212743168343, 
0.273484264806584, 0.291234395234253, 0.00391733848699116, 0.00780790410170092, 
0.0193141044760021, 0.0138616866719097, 0.0518857991016763, -0.0184014563359384, 
-0.052091868412798, 0.00595234113932135, 0.00699026914882217, 
0.0139118130986956, 0.025404614796139, 0.0384774040447144, 0.0523423310977799, 
0.0682344260781176, 0.082060782315127, 0.085545068265404, 0.0883283177178344, 
0.0877919299743998, 0.0586628375524449, 0.0446594394198204, 0.048914834138221, 
0.0496254101911054, 0.0563660447954668, 0.0577813246069869, 0.0582324677421136, 
0.0593475231749989, 0.0612955058109399, 0.0618301976226791, 0.0687149350046673, 
0.0651677792184435, 0.0378535129463227, 0.0210555250511103, 0.0226832217212478, 
0.0178443976952715, 0.0085823988824496, -0.000545664742628509, 
-0.00959734260693568, -0.0147530531553662, -0.0248509862125467, 
-0.0378668735190533, -0.0470759238942992, -0.0377962157987389, 
-0.0350691555476559, -0.059145186417711, -0.0672887009047255, 
-0.0721809664322937, -0.0801250633476466, -0.0809353070200027, 
-0.0643326691548155, -0.0616487222334188, -0.0592126944229555, 
-0.0568903460851525, -0.0527668646113904, -0.05288352285076, 
-0.0570387557970476, -0.0614684373960698, -0.0621466464201961, 
-0.0632032355634752, -0.060988611992561, -0.0562817334526645, 
-0.0475955798977041, -0.0362685530352505, -0.0199525323068408, 
-4.08165202825245e-05, 0.280573080994277, 0.27011624638076, 0.130586853709652, 
0.0578585872991873, -0.00839548322221795, -0.0846693720161155, 
-0.010004051208413, 0.0618708998182916, 0.0544390581464102, 0.0459970872085934, 
0.0385847143739176, 0.0351827158167804, 0.0336150846634719, 0.0338237991288308, 
0.0324260004999462, 0.0161558015501299, 0.00342220141134859, 
-0.000716520341074901, 0.00142382558716755, -0.0145381942650607, 
-0.031393966654649, -0.0392877824688466, -0.0421938926078106, 
-0.0527957117629899, -0.0673170737424595, -0.0772087710508311, 
-0.0860431913349027, -0.0962469708369236, -0.109539722625111, 
-0.136695275141515, -0.155745696770517, -0.117601658721062, -0.105549660709265, 
-0.0929955480573088, -0.0857266572351595, -0.0836114750019857, 
-0.0823341039169892, -0.0849841330217761, -0.0875103650723578, 
-0.0902596025115981, -0.0996137029123544, -0.110382120926716, 
-0.126730824357124, -0.130910235694312, -0.113684146871788, -0.0963131873647062, 
-0.0880642005808316, -0.079164765191178, -0.0485544642497651, 
-0.024168422421284, -0.032174837036986, -0.0187032460823567, 
-0.0187920657549983, 0.00853790604365683, 0.0379952016051513, 
0.0689571370970536, 0.100478117650474, 0.132115725415099, 0.163233021524314, 
0.193804454387223, 0.223641475640928, 0.248459535291408, 0.272551696998461, 
0.284770871498805, 0.00109214556150515, 0.0190770612567642, 0.0236776533418152, 
0.0152808434984939, 0.0567571126094281, -0.00631262627348289, 
-0.0693313166703935, 0.0040615067987342, 0.00525622467493138, 
0.0131588755756838, 0.0250494609100629, 0.0385008409796714, 0.0511204596599237, 
0.0628296767335074, 0.0810624332090935, 0.0931945208225691, 0.0872832714197535, 
0.0843820898135639, 0.0691352014609738, 0.0501767844348563, 0.0469908256900151, 
0.0505153568400507, 0.060949320662405, 0.0651266851182682, 0.0652831194037666, 
0.0655227130372832, 0.0674592765693741, 0.0703833797439606, 0.0726988324277684, 
0.0701217405535477, 0.033765203247946, 0.027042159408213, 0.0339687676351317, 
0.0235439033284981, 0.0134721381516157, 0.00283533290343041, 
-0.00731062705545909, -0.0122502507283329, -0.0217778538276082, 
-0.0304199573432268, -0.0419850629796945, -0.0343827651656646, 
-0.0337313952627919, -0.0573419009422608, -0.0779034157662671, 
-0.0837725980137638, -0.0861666210796635, -0.0924700651246208, 
-0.0979379367376439, -0.0725070419099982, -0.0702209929853407, 
-0.0687070010649156, -0.0700714772097675, -0.0656161417638879, 
-0.0645844639698785, -0.0637307837766034, -0.0623577336833427, 
-0.0603856795308365, -0.0563007400872637, -0.049414229771161, 
-0.0436341323907268, -0.0311366873113667, -0.0153390715034696, 
